optimum=130178
execution_time=300.0168823,start_time=16.7800918,stop_time=316.7969741
[(89, 90), (34, 33), (78, 80), (139, 140), (166, 198), (7, 4), (158, 159), (106, 105), (64, 65), (31, 32), (44, 48), (155, 156), (135, 136), (8, 11), (143, 142), (196, 190), (167, 170), (18, 175), (21, 19), (110, 108), (122, 123), (181, 180), (9, 10), (132, 131), (117, 118), (171, 173), (128, 126), (172, 174), (62, 63), (74, 76), (5, 6), (0, 1), (53, 24), (39, 45), (20, 22), (112, 111), (70, 71), (99, 104), (91, 153), (197, 199), (146, 145), (94, 93), (68, 67), (185, 127), (125, 121), (165, 164), (109, 107), (41, 40), (82, 81), (194, 188), (30, 27), (69, 23), (195, 191), (137, 138), (77, 75), (141, 144), (26, 184), (60, 61), (25, 92), (102, 103), (56, 59), (160, 161), (13, 15), (154, 157), (29, 28), (95, 96), (162, 163), (87, 88), (129, 130), (192, 189), (36, 37), (50, 49), (113, 114), (66, 187), (169, 168), (150, 149), (124, 79), (58, 57), (151, 152), (98, 97), (47, 35), (178, 179), (85, 84), (16, 12), (193, 186), (120, 119), (3, 2), (83, 86), (148, 147), (176, 177), (17, 14), (101, 100), (52, 51), (115, 116), (133, 134), (183, 182), (38, 42), (72, 73), (46, 43), (54, 55)]
fitness=132406.0,iteration=0,gap=1.711502711671711,delta=2228.0,timestamp=316.7969309
