optimum=11758
execution_time=0.5463849000000001,start_time=0.6992296,stop_time=1.2456145
[(9, 8), (13, 19), (18, 15), (0, 1), (12, 14), (6, 5), (7, 4), (2, 3), (10, 11), (16, 17)]
fitness=11758.0,iteration=0,gap=0.0,delta=0.0,timestamp=1.2455737
