optimum=34198
execution_time=9.76397,start_time=0.9537293,stop_time=10.7176993
[(28, 29), (3, 2), (11, 10), (30, 31), (1, 0), (9, 5), (32, 33), (38, 36), (37, 39), (23, 24), (49, 44), (21, 47), (18, 20), (34, 35), (22, 25), (17, 16), (42, 43), (19, 27), (26, 48), (13, 12), (8, 7), (45, 46), (41, 40), (4, 6), (14, 15)]
fitness=34198.0,iteration=0,gap=0.0,delta=0.0,timestamp=10.717665
