optimum=104772
execution_time=240.7697339,start_time=7.7238759,stop_time=248.4936098
[(11, 10), (35, 36), (139, 142), (123, 122), (3, 2), (28, 29), (9, 8), (109, 108), (100, 99), (114, 113), (92, 93), (77, 78), (14, 15), (111, 115), (84, 85), (32, 33), (4, 5), (121, 120), (7, 6), (140, 148), (25, 16), (82, 83), (12, 13), (22, 21), (1, 0), (81, 80), (89, 69), (66, 65), (17, 18), (55, 49), (68, 70), (71, 72), (141, 143), (110, 112), (138, 145), (105, 104), (127, 125), (146, 54), (74, 75), (20, 19), (26, 27), (56, 53), (50, 48), (43, 44), (88, 90), (118, 119), (86, 87), (136, 132), (79, 76), (23, 24), (31, 57), (52, 51), (144, 149), (47, 46), (38, 37), (62, 61), (58, 94), (106, 107), (30, 91), (60, 59), (117, 116), (137, 133), (96, 97), (128, 126), (131, 124), (98, 95), (67, 73), (103, 147), (45, 42), (34, 39), (40, 41), (101, 102), (134, 135), (64, 63), (129, 130)]
fitness=104772.0,iteration=0,gap=0.0,delta=0.0,timestamp=248.4935769
