optimum=104772
execution_time=0.054893900000000606,start_time=7.7771864,stop_time=7.8320803
[(65, 61), (40, 41), (98, 96), (109, 108), (43, 44), (121, 120), (47, 46), (104, 105), (0, 1), (70, 69), (60, 59), (126, 127), (19, 20), (114, 113), (28, 29), (9, 8), (11, 10), (77, 78), (35, 36), (63, 64), (66, 62), (57, 31), (82, 83), (32, 33), (37, 38), (101, 102), (22, 21), (71, 72), (24, 23), (135, 134), (92, 93), (3, 2), (107, 106), (86, 87), (75, 74), (143, 141), (67, 73), (99, 100), (85, 84), (111, 112), (7, 6), (55, 56), (97, 95), (90, 88), (17, 18), (122, 123), (116, 117), (118, 119), (52, 51), (14, 13), (110, 115), (26, 27), (128, 125), (50, 48), (76, 79), (148, 140), (42, 45), (147, 103), (81, 80), (139, 142), (133, 137), (149, 144), (16, 15), (91, 30), (39, 34), (5, 4), (53, 49), (131, 124), (136, 132), (138, 145), (129, 130), (54, 25), (146, 12), (94, 58), (68, 89)]
fitness=105824,iteration=0,gap=1.004085060894132,delta=1052,timestamp=7.7885031
fitness=104940,iteration=1,gap=0.16034818462948114,delta=168,timestamp=7.8320421
