optimum=20892
execution_time=0.0028201999999999394,start_time=0.5257188,stop_time=0.528539
[(16, 15), (5, 4), (30, 31), (10, 6), (32, 33), (26, 28), (0, 1), (18, 17), (13, 14), (8, 9), (36, 35), (34, 7), (2, 3), (37, 38), (19, 20), (21, 22), (27, 25), (23, 24), (11, 12), (39, 29)]
fitness=22066,iteration=0,gap=5.619375837641202,delta=1174,timestamp=0.5271725
fitness=20892,iteration=1,gap=0.0,delta=0,timestamp=0.528532
