optimum=69731
execution_time=10.0725675,start_time=2.3630718,stop_time=12.4356393
[(61, 62), (12, 60), (7, 5), (1, 0), (20, 24), (6, 4), (82, 84), (17, 15), (77, 43), (69, 70), (33, 34), (14, 16), (78, 79), (47, 48), (63, 66), (23, 19), (46, 45), (26, 27), (73, 74), (42, 51), (81, 80), (68, 67), (64, 65), (52, 53), (13, 37), (10, 8), (31, 29), (41, 40), (9, 11), (57, 56), (54, 55), (32, 18), (72, 71), (35, 36), (39, 38), (2, 3), (88, 85), (21, 22), (86, 25), (76, 75), (89, 83), (49, 50), (58, 59), (28, 30), (87, 44)]
fitness=69731,iteration=0,gap=0.0,delta=0,timestamp=12.4355058
