optimum=53538
execution_time=6.8219004000000005,start_time=1.8348905,stop_time=8.6567909
[(64, 20), (79, 74), (49, 48), (39, 41), (27, 26), (0, 1), (51, 50), (55, 54), (33, 34), (67, 68), (61, 60), (22, 21), (65, 66), (43, 44), (31, 35), (13, 37), (14, 18), (3, 2), (12, 77), (47, 73), (7, 6), (53, 52), (38, 40), (62, 63), (29, 28), (42, 78), (23, 24), (72, 71), (9, 11), (32, 36), (46, 45), (70, 69), (4, 5), (16, 17), (56, 57), (30, 25), (10, 8), (15, 19), (58, 59), (76, 75)]
fitness=53538,iteration=0,gap=0.0,delta=0,timestamp=8.6566476
