optimum=130178
execution_time=0.18911429999999996,start_time=15.6271728,stop_time=15.8162871
[(132, 131), (9, 10), (68, 67), (187, 185), (130, 129), (107, 109), (149, 150), (105, 106), (101, 100), (81, 82), (152, 151), (15, 14), (96, 95), (182, 183), (163, 162), (4, 3), (197, 199), (30, 28), (78, 79), (29, 27), (176, 177), (108, 110), (59, 56), (164, 165), (160, 161), (97, 98), (1, 0), (63, 62), (31, 32), (168, 170), (74, 72), (46, 45), (51, 52), (180, 181), (37, 36), (118, 117), (142, 143), (84, 83), (86, 85), (65, 64), (122, 121), (112, 111), (186, 193), (169, 167), (120, 119), (94, 93), (173, 171), (41, 40), (136, 135), (139, 140), (126, 127), (194, 80), (134, 133), (42, 38), (179, 178), (89, 90), (148, 147), (34, 33), (88, 87), (141, 144), (128, 18), (172, 174), (5, 6), (16, 12), (49, 50), (138, 137), (159, 158), (20, 21), (54, 53), (22, 19), (71, 70), (57, 58), (23, 69), (39, 43), (154, 157), (2, 7), (73, 76), (61, 60), (103, 102), (175, 192), (145, 146), (124, 123), (8, 11), (195, 191), (155, 153), (47, 35), (113, 114), (99, 104), (198, 166), (156, 91), (25, 92), (13, 17), (115, 116), (190, 196), (188, 189), (66, 44), (26, 184), (125, 77), (24, 48), (55, 75)]
fitness=134640,iteration=0,gap=3.4276144970732383,delta=4462,timestamp=15.6419912
fitness=130194,iteration=1,gap=0.012290863279509593,delta=16,timestamp=15.8162469
