optimum=42382
execution_time=2.5927974000000003,start_time=1.3949779,stop_time=3.9877753
[(59, 57), (51, 47), (0, 1), (16, 20), (33, 34), (30, 31), (53, 54), (4, 5), (8, 13), (43, 46), (3, 2), (41, 42), (44, 45), (19, 18), (25, 26), (50, 49), (58, 27), (7, 6), (52, 55), (39, 40), (23, 24), (10, 12), (22, 56), (48, 32), (29, 28), (35, 36), (37, 38), (17, 21), (14, 15), (11, 9)]
fitness=42382,iteration=0,gap=0.0,delta=0,timestamp=3.9876907
