optimum=69731
execution_time=0.026722399999999924,start_time=1.834638,stop_time=1.8613604
[(27, 26), (29, 28), (55, 54), (89, 83), (4, 6), (40, 41), (21, 22), (46, 45), (69, 70), (78, 79), (58, 59), (23, 19), (44, 43), (35, 36), (15, 17), (57, 56), (74, 73), (11, 9), (20, 24), (47, 48), (84, 82), (0, 1), (33, 34), (51, 42), (76, 75), (3, 2), (71, 72), (10, 12), (53, 52), (81, 80), (64, 65), (60, 61), (38, 39), (86, 25), (31, 30), (63, 62), (68, 67), (16, 14), (5, 7), (32, 18), (13, 37), (88, 77), (50, 49), (85, 66), (8, 87)]
fitness=71779,iteration=0,gap=2.937000760063673,delta=2048,timestamp=1.8384453
fitness=69747,iteration=1,gap=0.022945318437997447,delta=16,timestamp=1.8613224
