optimum=20892
execution_time=0.004520199999999974,start_time=0.8078014,stop_time=0.8123216
[(34, 35), (5, 4), (19, 20), (18, 17), (32, 33), (15, 16), (14, 13), (30, 31), (0, 1), (37, 38), (28, 26), (22, 21), (8, 9), (6, 10), (11, 12), (24, 23), (2, 3), (25, 27), (36, 7), (29, 39)]
fitness=22066,iteration=0,gap=5.619375837641202,delta=1174,timestamp=0.8103825
fitness=20892,iteration=1,gap=0.0,delta=0,timestamp=0.8123088
