optimum=42382
execution_time=0.011644200000000104,start_time=1.0122582,stop_time=1.0239024
[(34, 33), (31, 29), (5, 4), (2, 3), (37, 38), (19, 18), (57, 59), (14, 15), (47, 51), (1, 0), (45, 44), (30, 28), (6, 7), (50, 49), (16, 20), (35, 36), (23, 24), (39, 40), (53, 54), (9, 11), (43, 46), (56, 22), (21, 17), (10, 12), (25, 26), (42, 41), (58, 27), (55, 52), (32, 48), (13, 8)]
fitness=44666,iteration=0,gap=5.389080269925912,delta=2284,timestamp=1.0161455
fitness=42382,iteration=1,gap=0.0,delta=0,timestamp=1.0238593
