optimum=83495
execution_time=14.3085066,start_time=2.7771581,stop_time=17.0856647
[(82, 86), (61, 62), (92, 98), (93, 91), (14, 15), (74, 88), (60, 95), (36, 35), (72, 70), (17, 16), (38, 37), (65, 66), (27, 28), (96, 94), (10, 9), (42, 43), (3, 4), (84, 85), (34, 33), (69, 71), (89, 90), (87, 83), (51, 50), (63, 64), (68, 67), (0, 1), (73, 54), (13, 81), (5, 6), (20, 19), (59, 58), (49, 48), (47, 46), (75, 76), (78, 80), (12, 11), (99, 55), (32, 31), (52, 53), (56, 57), (21, 22), (77, 79), (25, 24), (44, 45), (41, 97), (8, 7), (26, 2), (18, 23), (40, 39), (29, 30)]
fitness=83495,iteration=0,gap=0.0,delta=0,timestamp=17.0854968
