optimum=83495
execution_time=98.1600296,start_time=2.777584,stop_time=100.9376136
[(77, 80), (26, 2), (38, 37), (95, 60), (57, 56), (78, 79), (91, 93), (22, 21), (70, 72), (66, 67), (9, 10), (58, 59), (18, 23), (44, 45), (75, 76), (82, 86), (96, 94), (46, 47), (52, 53), (33, 34), (99, 55), (48, 49), (68, 65), (20, 19), (84, 85), (63, 64), (88, 74), (90, 89), (24, 25), (12, 11), (4, 3), (69, 71), (39, 40), (83, 87), (31, 32), (51, 50), (29, 30), (14, 15), (54, 73), (7, 8), (97, 41), (0, 1), (5, 6), (43, 42), (62, 61), (92, 98), (28, 27), (35, 36), (16, 17), (81, 13)]
fitness=83537.0,iteration=0,gap=0.050302413318162764,delta=42.0,timestamp=87.8345481
fitness=83495.0,iteration=6,gap=0.0,delta=0.0,timestamp=100.9375685
