optimum=104772
execution_time=0.05467340000000043,start_time=7.490131,stop_time=7.5448044
[(108, 109), (82, 83), (123, 122), (126, 127), (18, 17), (2, 3), (59, 60), (40, 41), (61, 65), (13, 14), (93, 92), (116, 117), (86, 87), (141, 143), (0, 1), (80, 81), (37, 38), (46, 47), (105, 104), (98, 97), (16, 15), (7, 6), (10, 11), (23, 24), (111, 110), (70, 68), (96, 95), (121, 120), (35, 36), (53, 55), (42, 45), (28, 29), (8, 9), (84, 85), (71, 72), (52, 51), (101, 102), (88, 90), (31, 57), (43, 44), (107, 106), (118, 119), (113, 114), (48, 50), (75, 74), (112, 115), (125, 128), (19, 20), (32, 33), (77, 78), (134, 135), (133, 137), (63, 64), (79, 76), (99, 100), (39, 34), (56, 49), (4, 5), (27, 26), (148, 140), (22, 21), (67, 73), (30, 91), (62, 66), (147, 103), (136, 132), (94, 58), (139, 142), (131, 124), (138, 145), (129, 130), (54, 25), (146, 12), (149, 144), (89, 69)]
fitness=105824,iteration=0,gap=1.004085060894132,delta=1052,timestamp=7.501973
fitness=104940,iteration=1,gap=0.16034818462948114,delta=168,timestamp=7.5447697
