optimum=104772
execution_time=180.2812534,start_time=7.4367747,stop_time=187.7180281
[(27, 26), (91, 30), (85, 84), (149, 144), (95, 97), (96, 98), (62, 66), (31, 57), (72, 71), (102, 101), (139, 142), (50, 52), (49, 55), (100, 99), (32, 33), (58, 94), (77, 78), (47, 46), (128, 126), (109, 108), (53, 56), (83, 82), (75, 74), (138, 145), (48, 51), (92, 93), (12, 13), (148, 140), (136, 132), (63, 64), (35, 36), (21, 22), (40, 41), (17, 18), (16, 25), (127, 125), (24, 23), (29, 28), (119, 118), (42, 45), (9, 8), (68, 69), (89, 70), (111, 110), (14, 15), (20, 19), (6, 7), (3, 2), (87, 86), (121, 120), (105, 104), (123, 122), (39, 34), (37, 38), (135, 134), (112, 115), (11, 10), (65, 61), (54, 146), (124, 131), (137, 133), (129, 130), (60, 59), (4, 5), (117, 116), (0, 1), (114, 113), (80, 81), (43, 44), (79, 76), (90, 88), (67, 73), (107, 106), (143, 141), (103, 147)]
fitness=104900,iteration=0,gap=0.12217004543198565,delta=128,timestamp=52.5734994
fitness=104772,iteration=3,gap=0.0,delta=0,timestamp=187.7177058
