optimum=1994
execution_time=0.11595460000000002,start_time=0.8569032,stop_time=0.9728578
[(1, 0), (9, 8), (3, 2), (6, 4), (5, 7)]
fitness=1994.0,iteration=0,gap=0.0,delta=0.0,timestamp=0.9728222
