optimum=130178
execution_time=300.0071397,start_time=15.7063258,stop_time=315.7134655
[(85, 86), (58, 59), (126, 185), (4, 2), (178, 179), (8, 11), (186, 190), (169, 168), (18, 193), (189, 188), (29, 28), (9, 10), (191, 195), (66, 44), (124, 123), (35, 47), (79, 80), (25, 92), (90, 89), (31, 32), (30, 27), (40, 38), (172, 171), (167, 170), (24, 26), (57, 56), (43, 46), (78, 194), (74, 72), (175, 192), (91, 155), (146, 145), (152, 151), (130, 129), (150, 149), (96, 95), (187, 196), (20, 22), (82, 81), (144, 141), (36, 37), (107, 109), (55, 54), (87, 88), (177, 176), (183, 182), (134, 133), (64, 65), (94, 93), (98, 97), (45, 39), (119, 120), (49, 50), (159, 158), (1, 0), (132, 131), (63, 62), (128, 127), (115, 116), (197, 199), (19, 21), (148, 147), (117, 118), (162, 163), (71, 70), (100, 101), (121, 122), (13, 15), (143, 142), (7, 3), (51, 52), (154, 157), (53, 48), (184, 125), (6, 5), (156, 153), (104, 99), (76, 73), (165, 164), (135, 136), (105, 106), (173, 174), (111, 112), (110, 108), (34, 33), (138, 137), (42, 41), (160, 161), (140, 139), (68, 67), (23, 69), (198, 166), (103, 102), (84, 83), (61, 60), (113, 114), (16, 12), (180, 181), (77, 75), (17, 14)]
fitness=130868.0,iteration=0,gap=0.5300434789288513,delta=690.0,timestamp=315.7134264
