optimum=19032
execution_time=0.34051010000000004,start_time=0.8047542,stop_time=1.1452643
[(28, 27), (9, 10), (0, 1), (26, 25), (7, 8), (5, 29), (3, 6), (24, 23), (17, 18), (15, 16), (2, 4), (11, 13), (12, 14), (21, 22), (20, 19)]
fitness=19032,iteration=0,gap=0.0,delta=0,timestamp=1.1451755
