optimum=42382
execution_time=0.013422200000000162,start_time=1.128699,stop_time=1.1421212
[(14, 15), (33, 34), (4, 5), (39, 40), (19, 18), (25, 26), (54, 53), (9, 11), (29, 31), (16, 20), (45, 44), (57, 59), (35, 36), (1, 0), (38, 37), (28, 30), (2, 3), (47, 51), (23, 24), (49, 50), (21, 17), (12, 10), (7, 6), (55, 52), (56, 22), (43, 46), (42, 41), (58, 27), (32, 48), (13, 8)]
fitness=44666,iteration=0,gap=5.389080269925912,delta=2284,timestamp=1.132973
fitness=42382,iteration=1,gap=0.0,delta=0,timestamp=1.1420915
