optimum=19032
execution_time=0.34208930000000004,start_time=0.7762464,stop_time=1.1183357
[(13, 12), (8, 7), (28, 27), (20, 19), (6, 2), (29, 5), (15, 16), (3, 4), (1, 0), (9, 10), (18, 17), (25, 26), (24, 23), (14, 11), (21, 22)]
fitness=19032,iteration=0,gap=0.0,delta=0,timestamp=1.1182554
