optimum=34198
execution_time=1.5290031000000002,start_time=0.9317569,stop_time=2.46076
[(35, 34), (31, 30), (20, 18), (27, 19), (12, 13), (39, 37), (3, 2), (48, 26), (9, 5), (16, 17), (21, 47), (40, 41), (44, 49), (7, 8), (46, 43), (14, 15), (29, 28), (36, 38), (0, 1), (4, 6), (11, 10), (24, 23), (32, 33), (22, 25), (45, 42)]
fitness=34198,iteration=0,gap=0.0,delta=0,timestamp=2.4606707
