optimum=83495
execution_time=0.032777600000000184,start_time=2.7119263,stop_time=2.7447039
[(70, 72), (29, 30), (9, 10), (91, 93), (8, 7), (39, 40), (85, 84), (27, 28), (69, 71), (6, 5), (14, 15), (66, 67), (33, 34), (12, 11), (78, 80), (62, 61), (86, 82), (0, 1), (22, 23), (46, 47), (51, 50), (35, 36), (38, 37), (76, 75), (43, 42), (83, 87), (48, 49), (25, 24), (90, 89), (59, 58), (63, 64), (56, 57), (3, 4), (32, 31), (19, 20), (53, 52), (21, 26), (79, 77), (16, 17), (65, 68), (95, 60), (55, 99), (94, 96), (44, 45), (13, 81), (98, 92), (18, 2), (97, 41), (74, 88), (54, 73)]
fitness=86513,iteration=0,gap=3.614587699862267,delta=3018,timestamp=2.7185394
fitness=83537,iteration=1,gap=0.050302413318162764,delta=42,timestamp=2.7446631
