optimum=104772
execution_time=184.659585,start_time=6.4080321,stop_time=191.0676171
[(9, 8), (118, 119), (45, 42), (65, 66), (26, 27), (44, 43), (117, 116), (4, 5), (131, 124), (82, 83), (22, 21), (98, 97), (104, 105), (149, 144), (95, 96), (32, 33), (23, 24), (133, 137), (30, 91), (140, 148), (90, 88), (69, 68), (101, 102), (19, 20), (1, 0), (34, 39), (60, 59), (89, 70), (15, 14), (35, 36), (108, 109), (120, 121), (115, 112), (107, 106), (11, 10), (29, 28), (139, 142), (18, 17), (73, 67), (146, 54), (57, 31), (52, 51), (111, 110), (84, 85), (128, 126), (92, 93), (47, 46), (50, 48), (62, 61), (6, 7), (135, 134), (40, 41), (25, 16), (100, 99), (56, 53), (79, 76), (103, 147), (63, 64), (129, 130), (71, 72), (141, 143), (132, 136), (86, 87), (49, 55), (80, 81), (113, 114), (145, 138), (58, 94), (75, 74), (38, 37), (78, 77), (3, 2), (122, 123), (13, 12), (125, 127)]
fitness=104772.0,iteration=0,gap=0.0,delta=0.0,timestamp=191.0675819
