optimum=34198
execution_time=1.1351703999999998,start_time=0.6655097,stop_time=1.8006801
[(30, 31), (42, 43), (12, 13), (22, 25), (40, 41), (3, 2), (46, 45), (44, 49), (47, 21), (19, 18), (6, 4), (0, 1), (24, 23), (9, 5), (36, 38), (29, 28), (17, 16), (32, 33), (7, 8), (26, 48), (35, 34), (10, 11), (20, 27), (14, 15), (37, 39)]
fitness=34198,iteration=0,gap=0.0,delta=0,timestamp=1.8006144
