optimum=104772
execution_time=280.3161572,start_time=7.6905258,stop_time=288.006683
[(96, 97), (27, 26), (105, 104), (119, 118), (140, 148), (34, 39), (109, 108), (45, 42), (53, 49), (142, 139), (32, 33), (40, 41), (115, 111), (2, 3), (61, 65), (58, 94), (123, 122), (77, 78), (63, 64), (35, 36), (72, 71), (116, 117), (52, 51), (73, 67), (134, 135), (88, 90), (43, 44), (128, 127), (23, 24), (149, 144), (102, 101), (129, 130), (37, 38), (124, 131), (145, 138), (10, 11), (16, 25), (74, 75), (98, 95), (141, 143), (14, 15), (66, 62), (146, 54), (68, 89), (57, 31), (83, 82), (4, 5), (87, 86), (56, 55), (84, 85), (120, 121), (9, 8), (92, 93), (126, 125), (133, 137), (59, 60), (12, 13), (69, 70), (6, 7), (46, 47), (50, 48), (29, 28), (18, 17), (114, 113), (22, 21), (1, 0), (81, 80), (30, 91), (99, 100), (106, 107), (110, 112), (19, 20), (76, 79), (132, 136), (147, 103)]
fitness=104772.0,iteration=0,gap=0.0,delta=0.0,timestamp=288.0066416
