optimum=47234
execution_time=0.01252769999999992,start_time=1.512424,stop_time=1.5249517
[(5, 4), (50, 46), (41, 40), (49, 48), (37, 36), (56, 55), (34, 35), (39, 38), (11, 8), (9, 10), (57, 58), (67, 64), (30, 31), (25, 26), (1, 0), (51, 52), (14, 15), (16, 17), (2, 3), (6, 7), (45, 44), (62, 60), (53, 54), (19, 18), (21, 22), (59, 61), (43, 42), (29, 32), (23, 24), (69, 13), (33, 28), (65, 27), (63, 20), (66, 47), (12, 68)]
fitness=47252,iteration=0,gap=0.03810814243976796,delta=18,timestamp=1.5204397
fitness=47244,iteration=1,gap=0.021171190244315536,delta=10,timestamp=1.524937
