optimum=34198
execution_time=1.5087018999999997,start_time=0.9317557,stop_time=2.4404576
[(42, 43), (22, 25), (7, 8), (2, 3), (31, 30), (47, 21), (18, 19), (37, 39), (33, 32), (45, 46), (0, 1), (13, 12), (20, 17), (28, 29), (40, 41), (36, 38), (4, 6), (35, 34), (15, 14), (16, 27), (48, 26), (9, 5), (44, 49), (10, 11), (23, 24)]
fitness=34198,iteration=0,gap=0.0,delta=0,timestamp=2.4403734
