optimum=11758
execution_time=0.11702429999999997,start_time=0.8476466,stop_time=0.9646709
[(0, 1), (19, 13), (16, 17), (18, 15), (2, 3), (4, 6), (11, 10), (12, 14), (9, 8), (7, 5)]
fitness=11758,iteration=0,gap=0.0,delta=0,timestamp=0.9645967
