optimum=34198
execution_time=9.519280400000001,start_time=0.9704328,stop_time=10.4897132
[(17, 20), (7, 8), (18, 19), (14, 15), (29, 28), (45, 43), (39, 37), (47, 21), (0, 1), (49, 44), (22, 25), (9, 10), (40, 41), (38, 36), (33, 32), (24, 23), (27, 16), (11, 5), (13, 12), (35, 34), (3, 2), (42, 46), (31, 30), (26, 48), (6, 4)]
fitness=34198.0,iteration=0,gap=0.0,delta=0.0,timestamp=10.4896613
