optimum=53538
execution_time=0.024119400000000013,start_time=1.9925345,stop_time=2.0166539
[(14, 18), (41, 39), (55, 54), (6, 5), (1, 0), (66, 65), (75, 76), (3, 2), (60, 61), (16, 17), (63, 62), (59, 58), (23, 24), (71, 72), (28, 29), (50, 51), (56, 57), (11, 9), (26, 27), (46, 45), (52, 53), (49, 48), (74, 79), (38, 40), (34, 33), (4, 7), (70, 69), (8, 10), (44, 43), (35, 31), (67, 68), (15, 19), (21, 22), (32, 36), (47, 73), (42, 78), (13, 37), (64, 20), (30, 25), (77, 12)]
fitness=55448,iteration=0,gap=3.567559490455378,delta=1910,timestamp=1.9977926
fitness=53538,iteration=1,gap=0.0,delta=0,timestamp=2.01662
