optimum=34198
execution_time=1.6174943000000002,start_time=1.0792121,stop_time=2.6967064
[(1, 0), (27, 18), (35, 34), (30, 31), (45, 43), (40, 41), (16, 17), (33, 32), (22, 25), (49, 44), (3, 2), (36, 38), (23, 24), (8, 7), (12, 13), (10, 5), (11, 9), (26, 48), (28, 29), (14, 15), (4, 6), (46, 42), (20, 19), (39, 37), (21, 47)]
fitness=34198,iteration=0,gap=0.0,delta=0,timestamp=2.6966121
