optimum=42382
execution_time=0.012465600000000077,start_time=1.1241621,stop_time=1.1366277
[(9, 11), (40, 39), (38, 37), (59, 57), (35, 36), (31, 29), (12, 10), (20, 16), (53, 54), (18, 19), (55, 52), (23, 24), (14, 15), (0, 1), (33, 34), (4, 6), (25, 26), (30, 28), (47, 51), (2, 3), (45, 44), (50, 49), (43, 46), (41, 42), (21, 17), (5, 7), (13, 8), (58, 27), (32, 48), (22, 56)]
fitness=44666,iteration=0,gap=5.389080269925912,delta=2284,timestamp=1.1278745
fitness=42382,iteration=1,gap=0.0,delta=0,timestamp=1.1366107
