optimum=11758
execution_time=0.5761544000000001,start_time=0.8629092,stop_time=1.4390636
[(10, 11), (12, 15), (1, 0), (18, 14), (16, 17), (2, 3), (4, 7), (5, 6), (9, 8), (19, 13)]
fitness=11758.0,iteration=0,gap=0.0,delta=0.0,timestamp=1.439026
