optimum=20892
execution_time=0.7238402999999999,start_time=0.8843168,stop_time=1.6081571
[(27, 28), (5, 4), (19, 20), (12, 6), (26, 25), (33, 32), (17, 18), (3, 2), (0, 1), (8, 9), (38, 37), (30, 31), (29, 39), (13, 14), (15, 16), (21, 22), (23, 24), (34, 7), (11, 10), (36, 35)]
fitness=20892,iteration=0,gap=0.0,delta=0,timestamp=1.608077
