optimum=53538
execution_time=42.6359507,start_time=1.9541742,stop_time=44.5901249
[(42, 78), (37, 13), (58, 59), (4, 7), (77, 12), (40, 39), (60, 61), (44, 43), (52, 53), (26, 27), (48, 49), (0, 1), (14, 18), (38, 41), (55, 54), (25, 30), (63, 62), (51, 50), (3, 2), (79, 74), (21, 22), (76, 75), (19, 15), (68, 67), (23, 24), (35, 31), (69, 70), (29, 28), (16, 17), (47, 73), (20, 64), (9, 11), (8, 10), (65, 66), (33, 34), (45, 46), (5, 6), (71, 72), (57, 56), (36, 32)]
fitness=53538.0,iteration=0,gap=0.0,delta=0.0,timestamp=44.5900793
