optimum=47234
execution_time=27.6010738,start_time=1.5176761,stop_time=29.1187499
[(37, 36), (21, 22), (6, 4), (62, 61), (48, 49), (68, 12), (51, 52), (34, 35), (38, 39), (45, 44), (13, 65), (53, 54), (64, 67), (40, 41), (2, 3), (30, 31), (63, 47), (58, 57), (5, 7), (14, 15), (43, 42), (28, 33), (59, 60), (56, 55), (17, 19), (16, 18), (26, 25), (9, 10), (66, 69), (32, 29), (46, 50), (23, 24), (11, 8), (1, 0), (20, 27)]
fitness=47234.0,iteration=0,gap=0.0,delta=0.0,timestamp=29.1187041
