optimum=34198
execution_time=10.0658209,start_time=1.1488417,stop_time=11.2146626
[(3, 2), (10, 5), (16, 17), (0, 1), (30, 31), (34, 35), (47, 21), (11, 9), (15, 14), (38, 36), (27, 19), (4, 6), (48, 26), (32, 33), (45, 42), (7, 8), (40, 41), (44, 49), (20, 18), (25, 22), (13, 12), (39, 37), (28, 29), (43, 46), (23, 24)]
fitness=34198.0,iteration=0,gap=0.0,delta=0.0,timestamp=11.2146189
