optimum=20892
execution_time=4.6669099,start_time=0.9984237,stop_time=5.6653336
[(30, 31), (28, 26), (24, 23), (22, 21), (14, 13), (4, 5), (16, 15), (39, 29), (8, 9), (3, 2), (18, 17), (6, 10), (37, 38), (36, 7), (1, 0), (19, 20), (34, 35), (33, 32), (27, 25), (12, 11)]
fitness=20892.0,iteration=0,gap=0.0,delta=0.0,timestamp=5.6652906
