optimum=11758
execution_time=0.10758620000000008,start_time=0.8424012,stop_time=0.9499874
[(2, 3), (15, 12), (6, 5), (0, 1), (4, 7), (19, 13), (8, 9), (17, 16), (14, 18), (10, 11)]
fitness=11758,iteration=0,gap=0.0,delta=0,timestamp=0.9499154
