optimum=69731
execution_time=10.250752299999998,start_time=2.3569293,stop_time=12.6076816
[(7, 4), (15, 17), (34, 33), (64, 65), (57, 56), (86, 25), (6, 5), (23, 19), (46, 45), (67, 68), (52, 53), (85, 88), (14, 16), (77, 43), (11, 9), (74, 73), (13, 37), (40, 41), (60, 12), (26, 27), (54, 55), (42, 51), (70, 69), (78, 79), (10, 8), (44, 87), (29, 28), (50, 49), (58, 59), (1, 0), (38, 39), (31, 30), (21, 22), (72, 71), (82, 84), (61, 62), (32, 18), (24, 20), (75, 76), (80, 81), (2, 3), (47, 48), (83, 89), (36, 35), (66, 63)]
fitness=69731,iteration=0,gap=0.0,delta=0,timestamp=12.607519
