optimum=69731
execution_time=5.4253921,start_time=1.2896114,stop_time=6.7150035
[(54, 55), (73, 74), (11, 9), (62, 61), (75, 76), (21, 22), (40, 41), (20, 24), (51, 42), (0, 1), (82, 84), (69, 70), (17, 15), (35, 36), (5, 4), (2, 3), (25, 86), (18, 32), (60, 12), (79, 78), (68, 67), (30, 28), (31, 29), (13, 37), (85, 88), (23, 19), (65, 64), (63, 66), (48, 47), (43, 77), (87, 44), (52, 53), (72, 71), (39, 38), (14, 16), (56, 57), (8, 10), (80, 81), (27, 26), (50, 49), (59, 58), (45, 46), (33, 34), (83, 89), (6, 7)]
fitness=69731,iteration=0,gap=0.0,delta=0,timestamp=6.7149
