optimum=1994
execution_time=0.021272100000000016,start_time=0.6502457,stop_time=0.6715178
[(8, 9), (5, 6), (4, 7), (1, 0), (2, 3)]
fitness=1994,iteration=0,gap=0.0,delta=0,timestamp=0.6714456
