optimum=53538
execution_time=6.791809700000001,start_time=1.8913322,stop_time=8.6831419
[(39, 41), (67, 68), (17, 16), (46, 45), (2, 3), (35, 31), (9, 11), (29, 28), (61, 60), (77, 12), (55, 54), (79, 74), (43, 44), (48, 49), (33, 34), (22, 21), (13, 37), (40, 38), (42, 78), (5, 6), (53, 52), (30, 25), (50, 51), (10, 8), (19, 15), (70, 69), (66, 65), (4, 7), (58, 59), (14, 18), (71, 72), (75, 76), (62, 63), (57, 56), (23, 24), (26, 27), (1, 0), (47, 73), (32, 36), (64, 20)]
fitness=53538,iteration=0,gap=0.0,delta=0,timestamp=8.6830043
