optimum=69731
execution_time=0.03797080000000008,start_time=2.1396059,stop_time=2.1775767
[(43, 44), (17, 15), (89, 83), (26, 27), (50, 49), (5, 4), (40, 41), (69, 70), (75, 76), (73, 74), (61, 60), (11, 9), (46, 45), (14, 16), (57, 56), (8, 87), (2, 3), (35, 36), (1, 0), (78, 79), (82, 84), (62, 63), (71, 72), (53, 52), (65, 64), (29, 28), (67, 68), (81, 80), (39, 38), (58, 59), (22, 21), (6, 7), (33, 34), (48, 47), (54, 55), (31, 30), (20, 24), (23, 19), (25, 86), (18, 32), (51, 42), (13, 37), (88, 77), (85, 66), (10, 12)]
fitness=71779,iteration=0,gap=2.937000760063673,delta=2048,timestamp=2.148051
fitness=69747,iteration=1,gap=0.022945318437997447,delta=16,timestamp=2.177536
