optimum=19032
execution_time=0.31501840000000003,start_time=0.7427002,stop_time=1.0577186
[(13, 11), (7, 8), (1, 0), (19, 20), (15, 16), (5, 29), (3, 4), (2, 6), (14, 12), (25, 24), (17, 18), (26, 23), (10, 9), (28, 27), (22, 21)]
fitness=19032,iteration=0,gap=0.0,delta=0,timestamp=1.0576419
