optimum=47234
execution_time=27.622590099999996,start_time=1.4801506,stop_time=29.1027407
[(15, 14), (39, 38), (28, 33), (20, 27), (32, 29), (1, 0), (36, 37), (25, 26), (46, 50), (11, 8), (18, 16), (31, 30), (68, 12), (66, 69), (52, 51), (6, 4), (60, 61), (45, 44), (3, 2), (13, 65), (57, 58), (56, 55), (59, 62), (35, 34), (63, 47), (9, 10), (21, 22), (23, 24), (19, 17), (49, 48), (54, 53), (5, 7), (41, 40), (43, 42), (64, 67)]
fitness=47234.0,iteration=0,gap=0.0,delta=0.0,timestamp=29.1026931
