optimum=53538
execution_time=6.672069199999999,start_time=1.663337,stop_time=8.3354062
[(33, 34), (53, 52), (47, 73), (18, 14), (35, 31), (44, 43), (46, 45), (54, 55), (3, 2), (38, 39), (78, 42), (64, 20), (26, 27), (67, 68), (24, 23), (29, 28), (60, 61), (1, 0), (50, 51), (62, 63), (22, 21), (9, 11), (12, 77), (16, 17), (58, 59), (37, 13), (19, 15), (75, 76), (5, 4), (48, 49), (70, 69), (25, 30), (32, 36), (74, 79), (7, 6), (41, 40), (57, 56), (66, 65), (72, 71), (10, 8)]
fitness=53538,iteration=0,gap=0.0,delta=0,timestamp=8.3352489
