optimum=83495
execution_time=9.8577175,start_time=2.0785332,stop_time=11.9362507
[(59, 58), (32, 31), (73, 54), (18, 23), (89, 90), (55, 99), (17, 16), (19, 20), (74, 88), (78, 77), (86, 82), (80, 79), (1, 0), (56, 57), (69, 71), (87, 83), (85, 84), (93, 91), (13, 81), (14, 15), (21, 22), (29, 30), (41, 97), (62, 61), (96, 94), (12, 9), (70, 72), (65, 67), (49, 48), (11, 10), (68, 66), (7, 8), (92, 98), (38, 37), (24, 25), (6, 5), (44, 45), (52, 53), (39, 40), (27, 28), (50, 51), (26, 2), (35, 36), (47, 46), (33, 34), (63, 64), (42, 43), (95, 60), (76, 75), (4, 3)]
fitness=83495,iteration=0,gap=0.0,delta=0,timestamp=11.9361409
