optimum=34198
execution_time=0.005438199999999949,start_time=0.6108974,stop_time=0.6163356
[(30, 31), (43, 45), (22, 25), (12, 13), (34, 35), (40, 41), (7, 8), (14, 15), (44, 49), (33, 32), (0, 1), (36, 38), (20, 18), (28, 29), (26, 48), (37, 39), (5, 9), (16, 17), (19, 27), (10, 11), (2, 3), (4, 6), (21, 47), (42, 46), (24, 23)]
fitness=35336,iteration=0,gap=3.327679981285455,delta=1138,timestamp=0.61285
fitness=34198,iteration=1,gap=0.0,delta=0,timestamp=0.6163276
