optimum=20892
execution_time=0.004624700000000037,start_time=0.7781659,stop_time=0.7827906
[(0, 1), (34, 36), (18, 17), (4, 5), (10, 6), (2, 3), (30, 31), (32, 33), (8, 9), (12, 11), (35, 7), (14, 13), (19, 20), (28, 26), (15, 16), (27, 25), (22, 21), (23, 24), (37, 38), (29, 39)]
fitness=22066,iteration=0,gap=5.619375837641202,delta=1174,timestamp=0.780382
fitness=20892,iteration=1,gap=0.0,delta=0,timestamp=0.7827788
