optimum=104772
execution_time=0.05458199999999991,start_time=7.1038952,stop_time=7.1584772
[(53, 56), (59, 60), (10, 11), (51, 50), (37, 38), (97, 98), (108, 109), (141, 143), (80, 81), (135, 134), (82, 83), (99, 100), (95, 96), (36, 35), (104, 105), (112, 111), (85, 84), (43, 44), (88, 90), (61, 65), (86, 87), (114, 113), (13, 14), (29, 28), (33, 32), (3, 2), (46, 47), (31, 57), (41, 40), (121, 120), (115, 110), (140, 148), (79, 76), (92, 93), (69, 70), (77, 78), (19, 20), (52, 48), (23, 24), (71, 72), (45, 42), (107, 106), (8, 9), (17, 18), (116, 117), (126, 127), (123, 122), (118, 119), (128, 125), (101, 102), (27, 26), (55, 49), (0, 1), (75, 74), (73, 67), (6, 7), (147, 103), (63, 64), (133, 137), (39, 34), (136, 132), (16, 15), (62, 66), (142, 139), (22, 21), (124, 131), (149, 144), (4, 5), (30, 91), (129, 130), (138, 145), (54, 25), (12, 146), (94, 58), (89, 68)]
fitness=105824,iteration=0,gap=1.004085060894132,delta=1052,timestamp=7.1142668
fitness=104940,iteration=1,gap=0.16034818462948114,delta=168,timestamp=7.1584413
