optimum=130178
execution_time=300.0078563,start_time=16.0320307,stop_time=316.039887
[(16, 12), (11, 8), (47, 35), (45, 43), (97, 98), (135, 136), (55, 54), (163, 162), (151, 152), (59, 60), (120, 119), (40, 39), (99, 104), (23, 69), (196, 18), (67, 68), (159, 158), (9, 10), (149, 150), (153, 156), (154, 157), (155, 91), (118, 117), (106, 105), (93, 94), (128, 126), (167, 170), (6, 5), (80, 194), (161, 160), (1, 0), (21, 19), (190, 193), (75, 77), (79, 78), (114, 111), (87, 88), (199, 197), (27, 29), (100, 101), (89, 90), (123, 124), (42, 46), (187, 186), (174, 175), (73, 74), (125, 184), (133, 134), (179, 178), (81, 82), (64, 65), (180, 181), (72, 76), (127, 185), (22, 20), (4, 7), (32, 31), (112, 113), (165, 164), (169, 168), (33, 34), (58, 56), (84, 83), (61, 57), (189, 172), (195, 191), (41, 38), (71, 70), (109, 107), (96, 95), (25, 92), (141, 144), (148, 147), (13, 17), (48, 166), (198, 53), (24, 26), (62, 63), (3, 2), (52, 51), (176, 177), (142, 143), (44, 66), (192, 188), (130, 129), (36, 37), (132, 131), (86, 85), (146, 145), (15, 14), (116, 115), (30, 28), (110, 108), (173, 171), (182, 183), (139, 140), (121, 122), (102, 103), (49, 50), (137, 138)]
fitness=132368.0,iteration=0,gap=1.6823119113828757,delta=2190.0,timestamp=316.0398483
