optimum=34198
execution_time=1.5430202,start_time=1.2634504,stop_time=2.8064706
[(22, 25), (10, 9), (41, 40), (14, 15), (8, 7), (44, 49), (4, 6), (23, 24), (48, 26), (27, 16), (21, 47), (32, 33), (45, 46), (0, 1), (18, 17), (30, 31), (38, 36), (19, 20), (34, 35), (12, 13), (2, 3), (29, 28), (5, 11), (42, 43), (37, 39)]
fitness=34198,iteration=0,gap=0.0,delta=0,timestamp=2.8063834
