optimum=42382
execution_time=0.012429900000000105,start_time=1.0617337,stop_time=1.0741636
[(34, 33), (11, 9), (20, 16), (47, 51), (19, 18), (45, 44), (23, 24), (3, 2), (1, 0), (53, 54), (17, 21), (38, 37), (6, 4), (25, 26), (43, 46), (10, 12), (41, 42), (35, 36), (49, 50), (59, 57), (31, 29), (52, 55), (28, 30), (40, 39), (7, 5), (15, 14), (56, 22), (58, 27), (32, 48), (13, 8)]
fitness=44666,iteration=0,gap=5.389080269925912,delta=2284,timestamp=1.0652253
fitness=42382,iteration=1,gap=0.0,delta=0,timestamp=1.0741457
