optimum=11758
execution_time=0.11019210000000002,start_time=0.8288688,stop_time=0.9390609
[(9, 8), (1, 0), (19, 13), (16, 17), (18, 15), (7, 4), (6, 5), (12, 14), (3, 2), (10, 11)]
fitness=11758,iteration=0,gap=0.0,delta=0,timestamp=0.9389847
