optimum=34198
execution_time=9.963498300000001,start_time=1.2175295,stop_time=11.1810278
[(39, 37), (6, 4), (28, 29), (3, 2), (1, 0), (14, 15), (48, 26), (35, 34), (19, 18), (5, 10), (16, 27), (7, 8), (33, 32), (11, 9), (13, 12), (38, 36), (30, 31), (46, 43), (49, 44), (45, 42), (23, 24), (25, 22), (41, 40), (20, 17), (21, 47)]
fitness=34198.0,iteration=0,gap=0.0,delta=0.0,timestamp=11.1809731
