optimum=42382
execution_time=2.6565892,start_time=1.3750134,stop_time=4.0316026
[(26, 25), (3, 2), (56, 22), (19, 18), (48, 32), (9, 11), (30, 29), (51, 47), (31, 28), (33, 34), (35, 36), (17, 20), (16, 21), (37, 38), (58, 27), (4, 6), (42, 41), (14, 15), (52, 55), (23, 24), (43, 46), (57, 59), (54, 53), (5, 7), (50, 49), (44, 45), (13, 8), (39, 40), (1, 0), (10, 12)]
fitness=42382,iteration=0,gap=0.0,delta=0,timestamp=4.0314959
