optimum=53538
execution_time=0.017668499999999865,start_time=1.1935602,stop_time=1.2112287
[(46, 45), (3, 2), (62, 63), (65, 66), (76, 75), (0, 1), (28, 29), (69, 70), (60, 61), (48, 49), (54, 55), (14, 18), (50, 51), (23, 24), (21, 22), (6, 5), (9, 11), (67, 68), (71, 72), (58, 59), (27, 26), (33, 34), (52, 53), (74, 79), (44, 43), (4, 7), (41, 39), (47, 73), (38, 40), (57, 56), (17, 16), (8, 10), (42, 78), (32, 36), (19, 15), (35, 31), (20, 64), (30, 25), (13, 37), (12, 77)]
fitness=55448,iteration=0,gap=3.567559490455378,delta=1910,timestamp=1.1966334
fitness=53538,iteration=1,gap=0.0,delta=0,timestamp=1.2111994
