optimum=83495
execution_time=0.031783499999999965,start_time=3.0470709,stop_time=3.0788544
[(34, 33), (3, 4), (27, 28), (49, 48), (25, 24), (40, 39), (85, 84), (5, 6), (51, 50), (16, 17), (0, 1), (8, 7), (70, 72), (14, 15), (42, 43), (23, 22), (53, 52), (46, 47), (63, 64), (86, 82), (80, 78), (29, 30), (10, 9), (91, 93), (12, 11), (69, 71), (37, 38), (35, 36), (65, 67), (83, 87), (61, 62), (94, 96), (19, 20), (44, 45), (57, 56), (66, 68), (59, 58), (76, 75), (92, 98), (21, 26), (32, 31), (95, 60), (79, 77), (88, 74), (99, 55), (18, 2), (41, 97), (81, 13), (90, 89), (73, 54)]
fitness=86513,iteration=0,gap=3.614587699862267,delta=3018,timestamp=3.053952
fitness=83537,iteration=1,gap=0.050302413318162764,delta=42,timestamp=3.0788255
