optimum=1994
execution_time=0.0008019999999999694,start_time=0.6755552,stop_time=0.6763572
[(5, 6), (9, 8), (1, 0), (3, 2), (4, 7)]
fitness=1994,iteration=0,gap=0.0,delta=0,timestamp=0.6762554
fitness=1994,iteration=1,gap=0.0,delta=0,timestamp=0.6763478
