optimum=104772
execution_time=0.06096970000000024,start_time=7.5999886,stop_time=7.6609583
[(8, 9), (85, 84), (69, 70), (97, 96), (111, 110), (71, 72), (92, 93), (99, 100), (76, 79), (126, 127), (106, 107), (67, 73), (119, 118), (38, 37), (40, 41), (43, 44), (11, 10), (80, 81), (59, 60), (83, 82), (117, 116), (32, 33), (123, 122), (56, 55), (120, 121), (35, 36), (113, 114), (87, 86), (19, 20), (88, 90), (50, 51), (46, 47), (34, 39), (45, 42), (75, 74), (104, 105), (17, 18), (125, 128), (109, 108), (22, 21), (0, 1), (29, 28), (57, 31), (77, 78), (13, 14), (61, 65), (134, 135), (24, 23), (115, 112), (52, 48), (27, 26), (3, 2), (98, 95), (64, 63), (53, 49), (101, 102), (16, 15), (136, 132), (143, 141), (148, 140), (66, 62), (30, 91), (94, 58), (133, 137), (103, 147), (6, 7), (139, 142), (124, 131), (4, 5), (129, 130), (145, 138), (54, 25), (146, 12), (149, 144), (68, 89)]
fitness=105824,iteration=0,gap=1.004085060894132,delta=1052,timestamp=7.6154785
fitness=104940,iteration=1,gap=0.16034818462948114,delta=168,timestamp=7.6609184
