optimum=47234
execution_time=4.281907199999999,start_time=1.6187323,stop_time=5.9006395
[(3, 2), (62, 60), (43, 42), (68, 12), (6, 5), (36, 37), (56, 55), (25, 26), (49, 48), (41, 40), (63, 47), (46, 50), (15, 14), (10, 9), (53, 54), (17, 18), (32, 29), (69, 66), (8, 11), (23, 24), (44, 45), (21, 22), (34, 35), (19, 16), (13, 65), (1, 0), (59, 61), (39, 38), (20, 27), (31, 30), (7, 4), (33, 28), (58, 57), (52, 51), (64, 67)]
fitness=47234,iteration=0,gap=0.0,delta=0,timestamp=5.9005005
