optimum=69731
execution_time=0.0385371000000001,start_time=2.371277,stop_time=2.4098141
[(35, 36), (40, 41), (59, 58), (52, 53), (15, 17), (89, 83), (79, 78), (29, 28), (0, 1), (21, 22), (3, 2), (63, 62), (75, 76), (65, 64), (80, 81), (26, 27), (45, 46), (61, 60), (74, 73), (84, 82), (31, 30), (55, 54), (20, 24), (9, 11), (33, 34), (6, 5), (10, 12), (39, 38), (48, 47), (44, 43), (70, 69), (16, 14), (23, 19), (50, 49), (57, 56), (7, 4), (71, 72), (67, 68), (86, 25), (18, 32), (51, 42), (88, 77), (13, 37), (85, 66), (8, 87)]
fitness=71779,iteration=0,gap=2.937000760063673,delta=2048,timestamp=2.3785797
fitness=69747,iteration=1,gap=0.022945318437997447,delta=16,timestamp=2.4097721
