optimum=47234
execution_time=27.2156201,start_time=1.5396872,stop_time=28.7553073
[(8, 11), (57, 58), (69, 66), (13, 65), (5, 7), (68, 12), (31, 30), (29, 32), (19, 16), (25, 26), (49, 48), (6, 4), (39, 38), (43, 42), (50, 46), (1, 0), (63, 47), (9, 10), (60, 62), (22, 21), (15, 14), (28, 33), (55, 56), (40, 41), (67, 64), (3, 2), (51, 52), (27, 20), (18, 17), (59, 61), (36, 37), (45, 44), (24, 23), (54, 53), (34, 35)]
fitness=47234.0,iteration=0,gap=0.0,delta=0.0,timestamp=28.7552579
