optimum=130178
execution_time=0.1777072999999998,start_time=15.8107041,stop_time=15.9884114
[(49, 50), (119, 120), (57, 59), (178, 179), (83, 84), (78, 80), (74, 72), (155, 153), (161, 160), (139, 140), (129, 130), (2, 3), (122, 121), (131, 132), (100, 101), (32, 31), (71, 70), (55, 75), (150, 149), (29, 28), (94, 93), (164, 165), (90, 89), (41, 42), (180, 181), (126, 127), (148, 147), (187, 185), (40, 38), (143, 142), (190, 196), (14, 15), (5, 6), (191, 195), (46, 45), (159, 158), (141, 144), (81, 82), (197, 199), (162, 163), (86, 85), (118, 117), (68, 67), (152, 151), (96, 95), (58, 56), (34, 33), (30, 27), (112, 111), (123, 124), (157, 154), (103, 102), (109, 107), (170, 169), (173, 171), (136, 135), (63, 62), (108, 110), (183, 182), (145, 146), (39, 43), (87, 88), (37, 36), (9, 10), (114, 113), (134, 133), (21, 20), (8, 11), (97, 98), (0, 1), (52, 51), (106, 105), (64, 65), (104, 99), (73, 76), (16, 12), (177, 176), (137, 138), (194, 79), (60, 61), (168, 167), (186, 193), (7, 4), (116, 115), (25, 92), (13, 17), (156, 91), (35, 47), (172, 174), (166, 198), (22, 19), (24, 48), (175, 192), (128, 18), (69, 23), (77, 125), (188, 189), (66, 44), (26, 184), (54, 53)]
fitness=134640,iteration=0,gap=3.4276144970732383,delta=4462,timestamp=15.825403
fitness=130194,iteration=1,gap=0.012290863279509593,delta=16,timestamp=15.9883793
