optimum=69731
execution_time=62.647270500000005,start_time=2.4568158,stop_time=65.1040863
[(51, 42), (55, 54), (89, 83), (46, 45), (50, 49), (71, 72), (22, 21), (2, 3), (24, 20), (67, 68), (75, 76), (17, 16), (59, 58), (39, 38), (18, 32), (64, 65), (74, 73), (62, 61), (37, 13), (77, 43), (85, 88), (81, 80), (35, 36), (63, 66), (8, 10), (87, 44), (69, 70), (78, 79), (27, 26), (5, 4), (9, 11), (30, 31), (40, 41), (25, 86), (7, 6), (34, 33), (19, 23), (60, 12), (57, 56), (53, 52), (48, 47), (0, 1), (29, 28), (84, 82), (14, 15)]
fitness=69731.0,iteration=0,gap=0.0,delta=0.0,timestamp=65.1040424
