optimum=104772
execution_time=246.62518680000002,start_time=7.5445088,stop_time=254.1696956
[(45, 42), (14, 15), (24, 23), (85, 84), (81, 80), (109, 108), (44, 43), (89, 68), (124, 131), (39, 34), (127, 126), (78, 77), (6, 7), (135, 134), (100, 99), (130, 129), (110, 112), (149, 144), (65, 61), (10, 11), (59, 60), (133, 137), (113, 114), (56, 49), (123, 122), (32, 33), (36, 35), (37, 38), (4, 5), (16, 25), (118, 119), (20, 19), (74, 75), (40, 41), (63, 64), (0, 1), (52, 50), (91, 30), (46, 47), (117, 116), (58, 94), (105, 104), (90, 88), (143, 141), (28, 29), (17, 18), (79, 76), (69, 70), (111, 115), (92, 93), (2, 3), (83, 82), (12, 13), (145, 138), (125, 128), (147, 103), (26, 27), (72, 71), (136, 132), (148, 140), (66, 62), (51, 48), (95, 98), (53, 55), (106, 107), (9, 8), (121, 120), (22, 21), (73, 67), (31, 57), (96, 97), (142, 139), (87, 86), (146, 54), (102, 101)]
fitness=104772.0,iteration=0,gap=0.0,delta=0.0,timestamp=254.1696604
