optimum=83495
execution_time=14.4253649,start_time=2.9889566,stop_time=17.4143215
[(10, 9), (18, 23), (84, 85), (7, 8), (58, 59), (89, 90), (74, 88), (33, 34), (1, 0), (50, 51), (64, 63), (42, 43), (37, 38), (54, 73), (2, 26), (69, 71), (65, 67), (3, 4), (46, 47), (55, 99), (13, 81), (77, 80), (49, 48), (25, 24), (94, 96), (5, 6), (41, 97), (79, 78), (12, 11), (72, 70), (60, 95), (15, 14), (20, 19), (40, 39), (62, 61), (86, 82), (83, 87), (29, 30), (35, 36), (21, 22), (57, 56), (66, 68), (44, 45), (17, 16), (52, 53), (91, 93), (75, 76), (92, 98), (32, 31), (27, 28)]
fitness=83495,iteration=0,gap=0.0,delta=0,timestamp=17.4141508
