optimum=47234
execution_time=0.009376700000000016,start_time=1.462079,stop_time=1.4714557
[(30, 31), (14, 15), (57, 58), (6, 5), (38, 39), (64, 67), (3, 2), (23, 24), (16, 17), (51, 52), (62, 60), (32, 29), (25, 26), (34, 35), (28, 33), (49, 48), (50, 46), (36, 37), (55, 56), (41, 40), (53, 54), (18, 19), (8, 11), (22, 21), (1, 0), (59, 61), (4, 7), (45, 44), (65, 27), (63, 20), (43, 42), (9, 10), (13, 69), (47, 66), (68, 12)]
fitness=47252,iteration=0,gap=0.03810814243976796,delta=18,timestamp=1.4667766
fitness=47244,iteration=1,gap=0.021171190244315536,delta=10,timestamp=1.4714349
