optimum=130178
execution_time=232.3137239,start_time=8.6913233,stop_time=241.0050472
[(143, 142), (56, 57), (170, 168), (184, 26), (153, 155), (179, 178), (134, 133), (137, 138), (181, 180), (101, 100), (192, 175), (189, 188), (42, 40), (48, 198), (199, 197), (43, 45), (85, 84), (78, 79), (159, 158), (103, 102), (55, 75), (152, 151), (139, 140), (3, 7), (157, 154), (68, 67), (53, 54), (86, 83), (92, 35), (186, 193), (6, 5), (77, 166), (146, 145), (72, 74), (163, 162), (108, 110), (105, 106), (117, 118), (113, 114), (172, 174), (131, 132), (116, 115), (120, 119), (97, 98), (94, 93), (61, 60), (66, 44), (18, 128), (63, 62), (13, 17), (28, 29), (34, 33), (123, 122), (167, 169), (141, 144), (49, 50), (36, 37), (46, 39), (194, 80), (112, 111), (51, 52), (32, 31), (95, 96), (10, 9), (27, 30), (185, 187), (8, 11), (82, 81), (104, 99), (191, 195), (135, 136), (90, 89), (183, 182), (176, 177), (69, 23), (161, 160), (88, 87), (59, 58), (25, 24), (73, 76), (109, 107), (4, 2), (190, 196), (15, 14), (150, 149), (70, 71), (22, 20), (19, 21), (41, 38), (127, 126), (124, 47), (129, 130), (65, 64), (1, 0), (148, 147), (165, 164), (12, 16), (121, 125), (171, 173), (91, 156)]
fitness=130194,iteration=0,gap=0.012290863279509593,delta=16,timestamp=66.1534614
fitness=130178,iteration=3,gap=0.0,delta=0,timestamp=241.0048437
