optimum=19032
execution_time=0.3633493000000001,start_time=0.7838497,stop_time=1.147199
[(12, 11), (24, 26), (17, 18), (10, 9), (28, 27), (7, 8), (5, 29), (25, 23), (15, 16), (20, 19), (6, 4), (21, 22), (1, 0), (13, 14), (2, 3)]
fitness=19032,iteration=0,gap=0.0,delta=0,timestamp=1.1471131
