optimum=20892
execution_time=2.4678731000000003,start_time=0.5139425,stop_time=2.9818156
[(3, 2), (23, 24), (0, 1), (17, 18), (13, 14), (19, 20), (36, 34), (5, 4), (11, 10), (6, 12), (21, 22), (7, 35), (32, 33), (28, 27), (39, 29), (25, 26), (8, 9), (15, 16), (30, 31), (38, 37)]
fitness=20892.0,iteration=0,gap=0.0,delta=0.0,timestamp=2.9817797
