optimum=20892
execution_time=0.7264993,start_time=0.9084675,stop_time=1.6349668
[(0, 1), (36, 35), (34, 7), (4, 5), (29, 39), (21, 22), (38, 37), (10, 6), (24, 23), (2, 3), (20, 19), (25, 26), (9, 8), (18, 17), (31, 30), (27, 28), (12, 11), (33, 32), (16, 15), (13, 14)]
fitness=20892,iteration=0,gap=0.0,delta=0,timestamp=1.6348813
