optimum=20892
execution_time=0.00449619999999995,start_time=1.0251612,stop_time=1.0296574
[(17, 18), (32, 33), (19, 20), (5, 4), (0, 1), (26, 28), (10, 6), (8, 9), (22, 21), (34, 35), (13, 14), (31, 30), (36, 7), (2, 3), (25, 27), (16, 15), (23, 24), (12, 11), (37, 38), (29, 39)]
fitness=22066,iteration=0,gap=5.619375837641202,delta=1174,timestamp=1.0272892
fitness=20892,iteration=1,gap=0.0,delta=0,timestamp=1.0296431
