optimum=42382
execution_time=17.0085796,start_time=1.1552269,stop_time=18.1638065
[(10, 12), (30, 28), (36, 35), (42, 41), (13, 8), (17, 21), (24, 23), (59, 57), (25, 26), (52, 55), (37, 38), (54, 53), (18, 19), (45, 44), (11, 9), (16, 20), (43, 46), (31, 29), (50, 49), (1, 0), (40, 39), (33, 34), (5, 6), (14, 15), (2, 3), (7, 4), (32, 48), (22, 56), (51, 47), (58, 27)]
fitness=42382.0,iteration=0,gap=0.0,delta=0.0,timestamp=18.1637605
