optimum=104772
execution_time=46.0475879,start_time=7.5270107,stop_time=53.5745986
[(123, 122), (131, 124), (31, 57), (83, 82), (50, 52), (93, 92), (73, 67), (26, 27), (144, 149), (79, 76), (115, 110), (51, 48), (71, 72), (111, 112), (55, 53), (117, 116), (54, 146), (97, 98), (103, 147), (88, 90), (137, 133), (49, 56), (107, 106), (47, 46), (59, 60), (134, 135), (91, 30), (11, 10), (62, 61), (9, 8), (120, 121), (100, 99), (87, 86), (77, 78), (64, 63), (20, 19), (95, 96), (70, 68), (29, 28), (5, 4), (119, 118), (17, 18), (39, 34), (129, 130), (66, 65), (94, 58), (113, 114), (42, 45), (104, 105), (38, 37), (145, 138), (0, 1), (80, 81), (24, 23), (140, 148), (75, 74), (36, 35), (139, 142), (84, 85), (7, 6), (33, 32), (14, 15), (69, 89), (2, 3), (143, 141), (13, 12), (108, 109), (101, 102), (40, 41), (126, 128), (125, 127), (25, 16), (22, 21), (43, 44), (136, 132)]
fitness=104772,iteration=0,gap=0.0,delta=0,timestamp=53.5744113
