optimum=20892
execution_time=4.814126,start_time=0.863079,stop_time=5.677205
[(3, 2), (15, 16), (39, 29), (32, 33), (20, 19), (12, 6), (34, 36), (4, 5), (37, 38), (11, 10), (26, 25), (1, 0), (8, 9), (21, 22), (35, 7), (23, 24), (31, 30), (27, 28), (14, 13), (18, 17)]
fitness=20892.0,iteration=0,gap=0.0,delta=0.0,timestamp=5.6771678
