optimum=19032
execution_time=0.00196940000000001,start_time=0.8599737,stop_time=0.8619431
[(9, 10), (8, 7), (17, 18), (26, 24), (15, 16), (21, 22), (25, 23), (19, 20), (4, 2), (12, 13), (11, 14), (0, 1), (6, 3), (29, 5), (27, 28)]
fitness=19032,iteration=0,gap=0.0,delta=0,timestamp=0.8614697
fitness=19032,iteration=1,gap=0.0,delta=0,timestamp=0.8619332
