optimum=11758
execution_time=0.12525399999999998,start_time=0.7246846,stop_time=0.8499386
[(6, 4), (3, 2), (1, 0), (13, 19), (12, 15), (5, 7), (17, 16), (11, 10), (14, 18), (9, 8)]
fitness=11758,iteration=0,gap=0.0,delta=0,timestamp=0.8498632
