optimum=83495
execution_time=14.2280388,start_time=2.9566586,stop_time=17.1846974
[(14, 15), (30, 29), (37, 38), (63, 64), (93, 91), (75, 76), (12, 9), (52, 53), (8, 7), (62, 61), (50, 51), (25, 24), (87, 83), (49, 48), (44, 45), (28, 27), (59, 58), (86, 82), (65, 67), (10, 11), (41, 97), (2, 26), (99, 55), (16, 17), (77, 80), (66, 68), (18, 23), (1, 0), (88, 74), (57, 56), (33, 34), (40, 39), (78, 79), (84, 85), (21, 22), (98, 92), (73, 54), (94, 96), (6, 5), (69, 71), (81, 13), (89, 90), (43, 42), (4, 3), (19, 20), (35, 36), (70, 72), (32, 31), (60, 95), (47, 46)]
fitness=83495,iteration=0,gap=0.0,delta=0,timestamp=17.1845478
