optimum=19032
execution_time=1.9298534,start_time=0.8903877,stop_time=2.8202411
[(16, 15), (7, 8), (10, 9), (6, 4), (24, 25), (29, 5), (20, 19), (23, 26), (13, 11), (12, 14), (2, 3), (27, 28), (22, 21), (1, 0), (17, 18)]
fitness=19032.0,iteration=0,gap=0.0,delta=0.0,timestamp=2.8202044
