optimum=42382
execution_time=17.424534899999998,start_time=1.3147775,stop_time=18.7393124
[(36, 35), (14, 15), (32, 48), (40, 39), (51, 47), (31, 28), (59, 57), (6, 7), (23, 24), (4, 5), (29, 30), (19, 18), (20, 17), (54, 53), (44, 45), (8, 13), (21, 16), (34, 33), (9, 11), (26, 25), (43, 46), (41, 42), (58, 27), (22, 56), (49, 50), (55, 52), (3, 2), (10, 12), (0, 1), (38, 37)]
fitness=42382.0,iteration=0,gap=0.0,delta=0.0,timestamp=18.7392671
