optimum=104772
execution_time=57.483695499999996,start_time=5.4467616,stop_time=62.9304571
[(62, 65), (46, 47), (70, 69), (108, 109), (20, 19), (44, 43), (14, 15), (1, 0), (4, 5), (41, 40), (27, 26), (127, 126), (77, 78), (147, 103), (61, 66), (79, 76), (42, 45), (102, 101), (119, 118), (63, 64), (10, 11), (32, 33), (115, 112), (85, 84), (140, 148), (2, 3), (22, 21), (39, 34), (51, 50), (134, 135), (81, 80), (28, 29), (92, 93), (67, 73), (111, 110), (6, 7), (105, 104), (17, 18), (87, 86), (99, 100), (137, 133), (117, 116), (94, 58), (38, 37), (131, 124), (113, 114), (95, 97), (68, 89), (96, 98), (23, 24), (136, 132), (55, 56), (145, 138), (31, 57), (30, 91), (59, 60), (35, 36), (149, 144), (16, 25), (129, 130), (71, 72), (142, 139), (141, 143), (54, 146), (106, 107), (90, 88), (13, 12), (123, 122), (83, 82), (121, 120), (75, 74), (49, 53), (128, 125), (9, 8), (52, 48)]
fitness=104900,iteration=0,gap=0.12217004543198565,delta=128,timestamp=36.0106208
fitness=104772,iteration=1,gap=0.0,delta=0,timestamp=62.9303465
