optimum=34198
execution_time=0.005501500000000048,start_time=0.610656,stop_time=0.6161575
[(30, 31), (22, 25), (5, 9), (33, 32), (8, 7), (19, 18), (35, 34), (13, 12), (45, 43), (2, 3), (24, 23), (42, 46), (15, 14), (40, 41), (11, 10), (36, 38), (28, 29), (16, 17), (0, 1), (6, 4), (21, 47), (20, 27), (39, 37), (44, 49), (26, 48)]
fitness=35336,iteration=0,gap=3.327679981285455,delta=1138,timestamp=0.6126941
fitness=34198,iteration=1,gap=0.0,delta=0,timestamp=0.6161483
