optimum=83495
execution_time=0.031570499999999946,start_time=2.8954352,stop_time=2.9270057
[(28, 27), (5, 6), (34, 33), (80, 78), (1, 0), (25, 24), (19, 20), (62, 61), (51, 50), (91, 93), (63, 64), (16, 17), (48, 49), (72, 70), (38, 37), (84, 85), (58, 59), (75, 76), (40, 39), (10, 9), (65, 67), (4, 3), (53, 52), (56, 57), (42, 43), (83, 87), (22, 23), (14, 15), (35, 36), (7, 8), (47, 46), (77, 79), (66, 68), (71, 69), (44, 45), (29, 30), (98, 92), (31, 32), (11, 12), (95, 60), (86, 82), (21, 26), (2, 18), (88, 74), (81, 13), (55, 99), (94, 96), (41, 97), (90, 89), (73, 54)]
fitness=86513,iteration=0,gap=3.614587699862267,delta=3018,timestamp=2.9025387
fitness=83537,iteration=1,gap=0.050302413318162764,delta=42,timestamp=2.9269728
