optimum=19032
execution_time=0.32341580000000003,start_time=0.9472893,stop_time=1.2707051
[(1, 0), (13, 11), (23, 24), (4, 2), (5, 29), (20, 19), (27, 28), (16, 15), (22, 21), (26, 25), (14, 12), (9, 10), (3, 6), (18, 17), (8, 7)]
fitness=19032,iteration=0,gap=0.0,delta=0,timestamp=1.2706165
