optimum=83495
execution_time=13.950073699999999,start_time=2.8854548,stop_time=16.8355285
[(8, 7), (51, 50), (1, 0), (59, 58), (60, 95), (96, 94), (10, 9), (90, 89), (42, 43), (40, 39), (74, 88), (35, 36), (78, 80), (79, 77), (29, 30), (76, 75), (62, 61), (24, 25), (69, 71), (11, 12), (26, 2), (63, 64), (17, 16), (72, 70), (19, 20), (53, 52), (38, 37), (27, 28), (56, 57), (55, 99), (4, 3), (86, 82), (83, 87), (85, 84), (91, 93), (32, 31), (18, 23), (34, 33), (45, 44), (65, 67), (48, 49), (98, 92), (68, 66), (15, 14), (6, 5), (97, 41), (46, 47), (22, 21), (54, 73), (13, 81)]
fitness=83495,iteration=0,gap=0.0,delta=0,timestamp=16.8353754
