optimum=69731
execution_time=9.7722482,start_time=2.157062,stop_time=11.9293102
[(85, 88), (0, 1), (68, 67), (5, 4), (31, 28), (65, 64), (79, 78), (42, 51), (41, 40), (50, 49), (26, 27), (63, 66), (47, 48), (46, 45), (11, 9), (18, 32), (80, 81), (54, 55), (84, 82), (20, 24), (87, 44), (75, 76), (36, 35), (10, 8), (3, 2), (33, 34), (62, 61), (38, 39), (37, 13), (21, 22), (89, 83), (77, 43), (52, 53), (59, 58), (70, 69), (6, 7), (74, 73), (16, 15), (23, 19), (71, 72), (57, 56), (30, 29), (25, 86), (14, 17), (12, 60)]
fitness=69731,iteration=0,gap=0.0,delta=0,timestamp=11.9291408
