optimum=130178
execution_time=300.0132639,start_time=16.0164322,stop_time=316.0296961
[(179, 178), (138, 137), (17, 15), (191, 195), (184, 77), (34, 33), (107, 109), (68, 67), (149, 150), (1, 0), (93, 94), (35, 25), (20, 19), (168, 170), (176, 177), (143, 142), (154, 157), (140, 139), (160, 161), (43, 45), (78, 79), (95, 96), (145, 146), (124, 123), (121, 122), (65, 64), (9, 10), (175, 18), (16, 12), (110, 108), (60, 61), (151, 152), (63, 62), (80, 47), (5, 6), (24, 26), (36, 37), (2, 4), (90, 89), (8, 11), (38, 41), (85, 83), (188, 192), (46, 39), (52, 51), (129, 130), (189, 125), (198, 166), (66, 196), (111, 112), (14, 13), (193, 186), (53, 54), (3, 7), (73, 72), (105, 106), (40, 42), (135, 136), (99, 104), (144, 141), (171, 172), (147, 148), (120, 119), (182, 183), (162, 163), (75, 55), (23, 69), (102, 103), (88, 87), (153, 155), (44, 48), (128, 127), (21, 22), (181, 180), (59, 56), (117, 118), (187, 190), (97, 98), (133, 134), (57, 58), (91, 156), (31, 32), (71, 70), (113, 114), (158, 159), (81, 82), (169, 167), (173, 174), (126, 185), (50, 49), (29, 27), (101, 100), (132, 131), (116, 115), (86, 84), (164, 165), (28, 30), (74, 76), (92, 194), (199, 197)]
fitness=132332.0,iteration=0,gap=1.654657469003979,delta=2154.0,timestamp=316.0296544
