optimum=20892
execution_time=0.7037449,start_time=1.0114688,stop_time=1.7152137
[(33, 32), (27, 26), (11, 10), (16, 15), (22, 21), (19, 20), (13, 14), (3, 2), (36, 34), (35, 7), (1, 0), (29, 39), (31, 30), (37, 38), (9, 8), (17, 18), (6, 12), (24, 23), (28, 25), (5, 4)]
fitness=20892,iteration=0,gap=0.0,delta=0,timestamp=1.7151243
