optimum=20892
execution_time=0.7215056,start_time=0.9968306,stop_time=1.7183362
[(12, 6), (34, 35), (18, 17), (33, 32), (37, 38), (9, 8), (31, 30), (19, 20), (14, 13), (28, 26), (10, 11), (5, 4), (25, 27), (36, 7), (1, 0), (23, 24), (3, 2), (22, 21), (39, 29), (15, 16)]
fitness=20892,iteration=0,gap=0.0,delta=0,timestamp=1.7182282
