optimum=69731
execution_time=33.4276265,start_time=1.3072963,stop_time=34.7349228
[(9, 11), (76, 75), (49, 50), (43, 77), (55, 54), (21, 22), (19, 23), (28, 31), (2, 3), (13, 37), (26, 27), (15, 17), (79, 78), (0, 1), (51, 42), (44, 87), (86, 25), (61, 62), (34, 33), (59, 58), (29, 30), (39, 38), (5, 4), (7, 6), (72, 71), (10, 8), (70, 69), (82, 84), (60, 12), (20, 24), (36, 35), (56, 57), (89, 83), (45, 46), (88, 85), (14, 16), (48, 47), (63, 66), (81, 80), (68, 67), (74, 73), (41, 40), (53, 52), (18, 32), (64, 65)]
fitness=69731.0,iteration=0,gap=0.0,delta=0.0,timestamp=34.7348843
