optimum=42382
execution_time=0.011760300000000168,start_time=1.2948977,stop_time=1.306658
[(20, 16), (15, 14), (6, 5), (54, 53), (39, 40), (34, 33), (50, 49), (57, 59), (37, 38), (35, 36), (3, 2), (52, 55), (51, 47), (0, 1), (11, 9), (25, 26), (45, 44), (29, 31), (18, 19), (4, 7), (46, 43), (28, 30), (23, 24), (56, 22), (32, 48), (12, 10), (17, 21), (41, 42), (58, 27), (13, 8)]
fitness=44666,iteration=0,gap=5.389080269925912,delta=2284,timestamp=1.298574
fitness=42382,iteration=1,gap=0.0,delta=0,timestamp=1.3066319
