optimum=20892
execution_time=0.7802989,start_time=1.119684,stop_time=1.8999829
[(30, 31), (32, 33), (12, 6), (0, 1), (18, 17), (27, 26), (8, 9), (25, 28), (13, 14), (7, 34), (35, 36), (37, 38), (2, 3), (23, 24), (5, 4), (29, 39), (19, 20), (22, 21), (10, 11), (16, 15)]
fitness=20892,iteration=0,gap=0.0,delta=0,timestamp=1.8998934
