optimum=130178
execution_time=91.766816,start_time=14.6816492,stop_time=106.4484652
[(145, 146), (99, 104), (173, 171), (165, 164), (85, 84), (89, 90), (12, 16), (4, 3), (98, 97), (117, 118), (30, 29), (109, 107), (137, 138), (181, 180), (61, 60), (48, 198), (172, 174), (139, 140), (91, 156), (179, 178), (25, 24), (43, 46), (189, 188), (136, 135), (130, 129), (62, 63), (176, 177), (96, 95), (20, 21), (93, 94), (77, 166), (182, 183), (102, 103), (50, 49), (110, 108), (57, 56), (126, 127), (157, 154), (142, 143), (168, 170), (69, 23), (55, 75), (119, 120), (194, 78), (66, 44), (83, 86), (31, 32), (191, 195), (42, 40), (58, 59), (74, 72), (13, 17), (116, 115), (18, 128), (19, 22), (186, 193), (53, 54), (1, 0), (111, 112), (124, 47), (41, 38), (2, 7), (15, 14), (80, 79), (82, 81), (45, 39), (106, 105), (27, 28), (153, 155), (184, 26), (37, 36), (169, 167), (52, 51), (151, 152), (121, 125), (71, 70), (76, 73), (114, 113), (122, 123), (101, 100), (8, 11), (131, 132), (190, 196), (175, 192), (133, 134), (147, 148), (65, 64), (187, 185), (6, 5), (87, 88), (10, 9), (68, 67), (159, 158), (141, 144), (197, 199), (161, 160), (162, 163), (92, 35), (149, 150), (33, 34)]
fitness=130178,iteration=0,gap=0.0,delta=0,timestamp=106.4481668
