optimum=19032
execution_time=0.0018689000000000622,start_time=0.71502,stop_time=0.7168889
[(26, 24), (7, 8), (15, 16), (4, 2), (20, 19), (0, 1), (11, 13), (18, 17), (9, 10), (22, 21), (6, 3), (14, 12), (29, 5), (23, 25), (28, 27)]
fitness=19032,iteration=0,gap=0.0,delta=0,timestamp=0.7164041
fitness=19032,iteration=1,gap=0.0,delta=0,timestamp=0.7168734
