optimum=83495
execution_time=0.031958000000000375,start_time=2.7357837,stop_time=2.7677417
[(76, 75), (4, 3), (33, 34), (66, 67), (8, 7), (78, 80), (49, 48), (62, 61), (56, 57), (72, 70), (5, 6), (40, 39), (42, 43), (30, 29), (50, 51), (25, 24), (23, 22), (19, 20), (27, 28), (16, 17), (10, 9), (47, 46), (69, 71), (58, 59), (35, 36), (0, 1), (45, 44), (53, 52), (64, 63), (79, 77), (37, 38), (21, 26), (14, 15), (98, 92), (12, 11), (93, 91), (95, 60), (84, 85), (86, 82), (32, 31), (68, 65), (13, 81), (83, 87), (99, 55), (18, 2), (88, 74), (96, 94), (41, 97), (90, 89), (73, 54)]
fitness=86513,iteration=0,gap=3.614587699862267,delta=3018,timestamp=2.7427666
fitness=83537,iteration=1,gap=0.050302413318162764,delta=42,timestamp=2.7677068
