optimum=130178
execution_time=110.7768853,start_time=16.5676459,stop_time=127.3445312
[(137, 138), (28, 30), (189, 188), (112, 111), (79, 80), (88, 87), (16, 12), (151, 152), (23, 69), (134, 133), (123, 122), (34, 33), (53, 54), (83, 86), (41, 42), (3, 4), (38, 40), (77, 166), (48, 198), (120, 119), (126, 127), (85, 84), (157, 154), (31, 32), (60, 61), (140, 139), (163, 162), (15, 14), (145, 146), (171, 173), (153, 155), (21, 19), (11, 8), (55, 75), (52, 51), (128, 18), (104, 99), (159, 158), (59, 58), (107, 109), (71, 70), (131, 132), (94, 93), (56, 57), (101, 100), (181, 180), (179, 178), (24, 25), (121, 125), (141, 144), (6, 5), (68, 67), (185, 187), (82, 81), (116, 115), (76, 73), (74, 72), (164, 165), (108, 110), (89, 90), (167, 170), (95, 96), (36, 37), (45, 43), (20, 22), (106, 105), (182, 183), (177, 176), (118, 117), (114, 113), (143, 142), (50, 49), (190, 196), (29, 27), (1, 0), (102, 103), (172, 174), (63, 62), (7, 2), (97, 98), (130, 129), (78, 194), (39, 46), (136, 135), (26, 184), (65, 64), (175, 192), (9, 10), (35, 92), (13, 17), (44, 66), (195, 191), (169, 168), (147, 148), (124, 47), (186, 193), (197, 199), (149, 150), (156, 91), (160, 161)]
fitness=130178,iteration=0,gap=0.0,delta=0,timestamp=127.3442952
