optimum=69731
execution_time=62.5299728,start_time=2.5866598,stop_time=65.1166326
[(62, 61), (0, 1), (66, 63), (76, 75), (21, 22), (80, 81), (23, 19), (28, 29), (3, 2), (53, 52), (35, 36), (50, 49), (12, 60), (79, 78), (24, 20), (84, 82), (59, 58), (71, 72), (74, 73), (17, 14), (37, 13), (10, 8), (6, 7), (83, 89), (86, 25), (51, 42), (27, 26), (68, 67), (88, 85), (39, 38), (34, 33), (55, 54), (43, 77), (45, 46), (70, 69), (32, 18), (9, 11), (5, 4), (87, 44), (47, 48), (41, 40), (16, 15), (30, 31), (56, 57), (65, 64)]
fitness=69731.0,iteration=0,gap=0.0,delta=0.0,timestamp=65.1165838
