optimum=53538
execution_time=42.7193069,start_time=1.9761185,stop_time=44.6954254
[(48, 49), (73, 47), (52, 53), (42, 78), (56, 57), (43, 44), (23, 24), (64, 20), (19, 18), (33, 34), (61, 60), (79, 74), (12, 77), (70, 69), (7, 6), (71, 72), (5, 4), (50, 51), (26, 27), (29, 28), (14, 15), (62, 63), (39, 41), (31, 35), (1, 0), (75, 76), (54, 55), (9, 11), (21, 22), (10, 8), (46, 45), (38, 40), (66, 65), (37, 13), (17, 16), (32, 36), (3, 2), (67, 68), (58, 59), (25, 30)]
fitness=53538.0,iteration=0,gap=0.0,delta=0.0,timestamp=44.6953841
