optimum=19032
execution_time=1.9020191999999998,start_time=0.9673365,stop_time=2.8693557
[(19, 20), (11, 14), (0, 1), (16, 15), (6, 4), (8, 7), (22, 21), (12, 13), (17, 18), (28, 27), (25, 24), (26, 23), (2, 3), (9, 10), (29, 5)]
fitness=19032.0,iteration=0,gap=0.0,delta=0.0,timestamp=2.8693138
