optimum=53538
execution_time=43.215430899999994,start_time=1.9191002,stop_time=45.1345311
[(0, 1), (42, 78), (8, 10), (55, 54), (19, 14), (35, 31), (45, 46), (56, 57), (60, 61), (76, 75), (65, 66), (24, 23), (2, 3), (28, 29), (72, 71), (70, 69), (39, 38), (40, 41), (79, 74), (16, 17), (53, 52), (7, 5), (37, 13), (20, 64), (58, 59), (62, 63), (77, 12), (34, 33), (30, 25), (15, 18), (6, 4), (50, 51), (73, 47), (67, 68), (22, 21), (26, 27), (49, 48), (11, 9), (32, 36), (43, 44)]
fitness=53538.0,iteration=0,gap=0.0,delta=0.0,timestamp=45.1344878
