optimum=42382
execution_time=17.7070894,start_time=1.2247423,stop_time=18.9318317
[(35, 36), (46, 43), (49, 50), (18, 19), (31, 28), (55, 52), (59, 57), (33, 34), (29, 30), (10, 12), (22, 56), (2, 3), (8, 13), (54, 53), (17, 21), (11, 9), (40, 39), (0, 1), (26, 25), (42, 41), (32, 48), (44, 45), (16, 20), (14, 15), (6, 4), (38, 37), (27, 58), (24, 23), (7, 5), (47, 51)]
fitness=42382.0,iteration=0,gap=0.0,delta=0.0,timestamp=18.9317932
