optimum=47234
execution_time=0.009536500000000059,start_time=1.6341625,stop_time=1.643699
[(5, 6), (3, 2), (58, 57), (16, 17), (62, 60), (23, 24), (1, 0), (41, 40), (52, 51), (25, 26), (59, 61), (31, 30), (22, 21), (36, 37), (67, 64), (54, 53), (50, 46), (7, 4), (38, 39), (55, 56), (13, 69), (48, 49), (45, 44), (29, 32), (11, 8), (35, 34), (28, 33), (14, 15), (42, 43), (27, 65), (63, 20), (19, 18), (9, 10), (66, 47), (68, 12)]
fitness=47252,iteration=0,gap=0.03810814243976796,delta=18,timestamp=1.6391736
fitness=47244,iteration=1,gap=0.021171190244315536,delta=10,timestamp=1.6436715
