optimum=20892
execution_time=4.6593251,start_time=0.894632,stop_time=5.5539571
[(5, 4), (19, 20), (27, 25), (33, 32), (8, 9), (31, 30), (12, 10), (29, 39), (28, 26), (2, 3), (37, 38), (15, 16), (6, 11), (24, 23), (1, 0), (21, 22), (34, 35), (18, 17), (14, 13), (36, 7)]
fitness=20892.0,iteration=0,gap=0.0,delta=0.0,timestamp=5.5539171
