optimum=83495
execution_time=75.3225676,start_time=2.7262835,stop_time=78.0488511
[(93, 91), (30, 29), (48, 49), (98, 92), (27, 28), (15, 14), (43, 42), (3, 4), (13, 81), (8, 7), (47, 46), (96, 94), (9, 11), (36, 35), (82, 86), (2, 26), (97, 41), (33, 34), (76, 75), (0, 1), (71, 69), (99, 55), (67, 65), (52, 53), (37, 38), (50, 51), (85, 84), (78, 77), (54, 73), (17, 16), (23, 18), (58, 59), (89, 90), (80, 79), (62, 61), (64, 63), (10, 12), (24, 25), (6, 5), (70, 72), (57, 56), (21, 22), (74, 88), (66, 68), (20, 19), (44, 45), (40, 39), (31, 32), (83, 87), (60, 95)]
fitness=83495.0,iteration=0,gap=0.0,delta=0.0,timestamp=78.0487803
