optimum=47234
execution_time=27.4386218,start_time=1.5843684,stop_time=29.0229902
[(9, 10), (36, 37), (6, 7), (4, 5), (26, 25), (56, 55), (8, 11), (52, 51), (16, 17), (61, 62), (20, 27), (57, 58), (59, 60), (24, 23), (18, 19), (64, 67), (68, 12), (34, 35), (48, 49), (28, 33), (41, 40), (31, 30), (45, 44), (13, 65), (63, 47), (2, 3), (50, 46), (14, 15), (22, 21), (32, 29), (66, 69), (43, 42), (0, 1), (39, 38), (54, 53)]
fitness=47234.0,iteration=0,gap=0.0,delta=0.0,timestamp=29.0229453
