optimum=19032
execution_time=1.9112508999999998,start_time=0.7549915,stop_time=2.6662424
[(10, 9), (27, 28), (5, 29), (18, 17), (4, 6), (8, 7), (21, 22), (0, 1), (23, 24), (26, 25), (16, 15), (2, 3), (12, 11), (13, 14), (20, 19)]
fitness=19032.0,iteration=0,gap=0.0,delta=0.0,timestamp=2.6662035
