optimum=42382
execution_time=2.6060034,start_time=1.1457538,stop_time=3.7517572
[(34, 33), (6, 5), (31, 29), (49, 50), (38, 37), (9, 11), (16, 20), (27, 58), (56, 22), (1, 0), (41, 42), (12, 10), (8, 13), (24, 23), (26, 25), (36, 35), (15, 14), (59, 57), (45, 44), (2, 3), (39, 40), (17, 21), (46, 43), (30, 28), (51, 47), (54, 53), (48, 32), (18, 19), (55, 52), (4, 7)]
fitness=42382,iteration=0,gap=0.0,delta=0,timestamp=3.7516573
