optimum=47234
execution_time=4.2048257,start_time=1.4105858,stop_time=5.6154115
[(41, 40), (38, 39), (4, 6), (17, 16), (55, 56), (27, 20), (0, 1), (49, 48), (33, 28), (57, 58), (9, 10), (68, 12), (69, 66), (29, 32), (18, 19), (15, 14), (24, 23), (52, 51), (64, 67), (3, 2), (7, 5), (54, 53), (50, 46), (42, 43), (65, 13), (63, 47), (11, 8), (45, 44), (22, 21), (61, 59), (25, 26), (35, 34), (36, 37), (30, 31), (60, 62)]
fitness=47234,iteration=0,gap=0.0,delta=0,timestamp=5.6152928
