optimum=53538
execution_time=42.35611,start_time=1.8868564,stop_time=44.2429664
[(51, 50), (33, 34), (11, 9), (37, 13), (26, 27), (38, 40), (54, 55), (36, 32), (17, 16), (71, 72), (30, 25), (31, 35), (28, 29), (6, 7), (44, 43), (18, 19), (1, 0), (60, 61), (62, 63), (14, 15), (2, 3), (79, 74), (39, 41), (4, 5), (10, 8), (46, 45), (75, 76), (47, 73), (49, 48), (21, 22), (42, 78), (66, 65), (58, 59), (20, 64), (69, 70), (52, 53), (12, 77), (68, 67), (23, 24), (57, 56)]
fitness=53538.0,iteration=0,gap=0.0,delta=0.0,timestamp=44.242923
