optimum=53538
execution_time=0.02253459999999996,start_time=1.8109262,stop_time=1.8334608
[(54, 55), (71, 72), (1, 0), (69, 70), (11, 9), (8, 10), (6, 5), (63, 62), (52, 53), (23, 24), (34, 33), (16, 17), (35, 31), (41, 39), (66, 65), (47, 73), (79, 74), (18, 14), (27, 26), (50, 51), (59, 58), (49, 48), (75, 76), (29, 28), (2, 3), (44, 43), (15, 19), (32, 36), (60, 61), (13, 37), (40, 38), (21, 22), (68, 67), (4, 7), (30, 25), (42, 78), (57, 56), (20, 64), (46, 45), (77, 12)]
fitness=55448,iteration=0,gap=3.567559490455378,delta=1910,timestamp=1.8158118
fitness=53538,iteration=1,gap=0.0,delta=0,timestamp=1.8334352
