optimum=53538
execution_time=6.8752792,start_time=1.8081429,stop_time=8.6834221
[(48, 49), (67, 68), (52, 53), (5, 6), (64, 20), (54, 55), (8, 10), (2, 3), (70, 69), (32, 36), (57, 56), (24, 23), (66, 65), (17, 16), (59, 58), (50, 51), (21, 22), (19, 14), (37, 13), (73, 47), (12, 77), (42, 78), (27, 26), (35, 31), (18, 15), (44, 43), (0, 1), (11, 9), (46, 45), (60, 61), (62, 63), (72, 71), (34, 33), (41, 38), (25, 30), (76, 75), (79, 74), (4, 7), (39, 40), (29, 28)]
fitness=53538,iteration=0,gap=0.0,delta=0,timestamp=8.6832929
