optimum=19032
execution_time=0.0022873999999999395,start_time=0.8734066,stop_time=0.875694
[(20, 19), (7, 8), (26, 24), (1, 0), (22, 21), (10, 9), (18, 17), (15, 16), (12, 11), (23, 25), (13, 14), (4, 2), (29, 5), (27, 28), (6, 3)]
fitness=19032,iteration=0,gap=0.0,delta=0,timestamp=0.8752237
fitness=19032,iteration=1,gap=0.0,delta=0,timestamp=0.8756832
