optimum=47234
execution_time=4.1859778,start_time=1.5062233,stop_time=5.6922011
[(17, 16), (20, 27), (22, 21), (61, 60), (0, 1), (3, 2), (42, 43), (59, 62), (33, 28), (64, 67), (29, 32), (66, 69), (30, 31), (57, 58), (24, 23), (19, 18), (7, 6), (63, 47), (65, 13), (8, 11), (26, 25), (48, 49), (50, 46), (54, 53), (41, 40), (56, 55), (5, 4), (10, 9), (45, 44), (51, 52), (68, 12), (15, 14), (34, 35), (36, 37), (38, 39)]
fitness=47234,iteration=0,gap=0.0,delta=0,timestamp=5.6920827
