optimum=104772
execution_time=0.05383699999999969,start_time=7.5302593,stop_time=7.5840963
[(68, 69), (88, 90), (13, 14), (23, 24), (75, 74), (117, 116), (9, 8), (84, 85), (120, 121), (83, 82), (56, 55), (92, 93), (51, 50), (99, 100), (20, 19), (111, 112), (43, 44), (37, 38), (76, 79), (77, 78), (96, 98), (59, 60), (71, 72), (3, 2), (33, 32), (123, 122), (114, 113), (16, 15), (127, 126), (52, 48), (49, 53), (134, 135), (46, 47), (104, 105), (118, 119), (36, 35), (39, 34), (109, 108), (107, 106), (101, 102), (80, 81), (87, 86), (41, 40), (67, 73), (143, 141), (45, 42), (65, 61), (128, 125), (28, 29), (31, 57), (97, 95), (22, 21), (64, 63), (1, 0), (11, 10), (18, 17), (7, 6), (5, 4), (115, 110), (133, 137), (148, 140), (62, 66), (94, 58), (136, 132), (103, 147), (142, 139), (131, 124), (145, 138), (27, 26), (25, 54), (130, 129), (146, 12), (91, 30), (149, 144), (70, 89)]
fitness=105824,iteration=0,gap=1.004085060894132,delta=1052,timestamp=7.5403349
fitness=104940,iteration=1,gap=0.16034818462948114,delta=168,timestamp=7.5840616
