optimum=11758
execution_time=0.5641334,start_time=0.9262203,stop_time=1.4903537
[(12, 14), (5, 7), (9, 8), (17, 16), (2, 3), (10, 11), (18, 15), (6, 4), (0, 1), (19, 13)]
fitness=11758.0,iteration=0,gap=0.0,delta=0.0,timestamp=1.4903195
