optimum=34198
execution_time=0.009655500000000039,start_time=1.0432865,stop_time=1.052942
[(45, 43), (20, 18), (25, 22), (41, 40), (0, 1), (28, 29), (5, 9), (2, 3), (35, 34), (36, 38), (15, 14), (44, 49), (7, 8), (16, 17), (32, 33), (30, 31), (13, 12), (4, 6), (26, 48), (11, 10), (19, 27), (39, 37), (21, 47), (42, 46), (24, 23)]
fitness=35336,iteration=0,gap=3.327679981285455,delta=1138,timestamp=1.0464635
fitness=34198,iteration=1,gap=0.0,delta=0,timestamp=1.0529196
