optimum=69731
execution_time=63.065192399999994,start_time=2.9354719,stop_time=66.0006643
[(76, 75), (68, 67), (19, 23), (34, 33), (61, 62), (40, 41), (54, 55), (31, 28), (59, 58), (6, 5), (51, 42), (12, 60), (66, 63), (3, 2), (1, 0), (21, 22), (39, 38), (49, 50), (56, 57), (77, 43), (36, 35), (72, 71), (16, 15), (24, 20), (87, 44), (11, 9), (74, 73), (88, 85), (45, 46), (81, 80), (64, 65), (25, 86), (18, 32), (78, 79), (53, 52), (37, 13), (8, 10), (48, 47), (82, 84), (26, 27), (14, 17), (7, 4), (69, 70), (29, 30), (89, 83)]
fitness=69731.0,iteration=0,gap=0.0,delta=0.0,timestamp=66.0006213
