optimum=47234
execution_time=0.009006700000000034,start_time=1.5763314,stop_time=1.5853381
[(62, 60), (35, 34), (31, 30), (61, 59), (38, 39), (14, 15), (64, 67), (29, 32), (36, 37), (33, 28), (21, 22), (49, 48), (16, 17), (41, 40), (8, 11), (4, 6), (23, 24), (2, 3), (52, 51), (44, 45), (53, 54), (25, 26), (18, 19), (57, 58), (9, 10), (1, 0), (46, 50), (56, 55), (5, 7), (43, 42), (69, 13), (65, 27), (20, 63), (66, 47), (12, 68)]
fitness=47252,iteration=0,gap=0.03810814243976796,delta=18,timestamp=1.5807278
fitness=47244,iteration=1,gap=0.021171190244315536,delta=10,timestamp=1.5853094
