optimum=42382
execution_time=17.252596800000003,start_time=1.2729212,stop_time=18.525518
[(47, 51), (4, 7), (54, 53), (28, 30), (32, 48), (3, 2), (37, 38), (18, 19), (35, 36), (44, 45), (6, 5), (20, 21), (8, 13), (14, 15), (27, 58), (23, 24), (25, 26), (57, 59), (9, 11), (31, 29), (55, 52), (10, 12), (46, 43), (49, 50), (22, 56), (33, 34), (39, 40), (42, 41), (0, 1), (16, 17)]
fitness=42382.0,iteration=0,gap=0.0,delta=0.0,timestamp=18.5254744
