optimum=11758
execution_time=0.5865559,start_time=1.0107572,stop_time=1.5973131
[(9, 8), (18, 14), (13, 19), (10, 11), (5, 7), (15, 12), (6, 4), (17, 16), (1, 0), (3, 2)]
fitness=11758.0,iteration=0,gap=0.0,delta=0.0,timestamp=1.5972645
