optimum=47234
execution_time=4.3921707,start_time=1.5222508,stop_time=5.9144215
[(42, 43), (29, 32), (25, 26), (2, 3), (50, 46), (41, 40), (20, 27), (30, 31), (8, 11), (21, 22), (63, 47), (58, 57), (13, 65), (61, 60), (5, 6), (28, 33), (49, 48), (54, 53), (17, 16), (39, 38), (62, 59), (10, 9), (68, 12), (69, 66), (14, 15), (1, 0), (51, 52), (34, 35), (64, 67), (56, 55), (44, 45), (18, 19), (4, 7), (23, 24), (36, 37)]
fitness=47234,iteration=0,gap=0.0,delta=0,timestamp=5.9143036
