optimum=53538
execution_time=0.022741200000000017,start_time=1.7390703,stop_time=1.7618115
[(14, 18), (69, 70), (17, 16), (9, 11), (27, 26), (5, 6), (39, 41), (61, 60), (2, 3), (19, 15), (54, 55), (28, 29), (76, 75), (8, 10), (62, 63), (44, 43), (66, 65), (74, 79), (47, 73), (71, 72), (21, 22), (49, 48), (68, 67), (53, 52), (50, 51), (40, 38), (0, 1), (34, 33), (58, 59), (4, 7), (46, 45), (23, 24), (35, 31), (32, 36), (56, 57), (30, 25), (42, 78), (20, 64), (13, 37), (12, 77)]
fitness=55448,iteration=0,gap=3.567559490455378,delta=1910,timestamp=1.7442183
fitness=53538,iteration=1,gap=0.0,delta=0,timestamp=1.7617787
