optimum=104772
execution_time=260.57354910000004,start_time=7.5398079,stop_time=268.113357
[(92, 93), (60, 59), (130, 129), (32, 33), (74, 75), (128, 127), (61, 65), (107, 106), (26, 27), (90, 88), (49, 53), (64, 63), (108, 109), (96, 97), (16, 25), (50, 52), (45, 42), (132, 136), (140, 148), (37, 38), (87, 86), (116, 117), (7, 6), (113, 114), (44, 43), (8, 9), (70, 69), (80, 81), (143, 141), (35, 36), (31, 57), (67, 73), (46, 47), (83, 82), (124, 131), (145, 138), (5, 4), (13, 12), (100, 99), (72, 71), (39, 34), (91, 30), (110, 115), (121, 120), (51, 48), (123, 122), (102, 101), (118, 119), (112, 111), (89, 68), (79, 76), (105, 104), (137, 133), (3, 2), (103, 147), (66, 62), (144, 149), (10, 11), (19, 20), (134, 135), (85, 84), (77, 78), (0, 1), (125, 126), (28, 29), (22, 21), (94, 58), (142, 139), (15, 14), (98, 95), (55, 56), (23, 24), (41, 40), (54, 146), (18, 17)]
fitness=104772.0,iteration=0,gap=0.0,delta=0.0,timestamp=268.1133111
