optimum=42382
execution_time=17.133693100000002,start_time=1.3815194,stop_time=18.5152125
[(11, 9), (43, 46), (27, 58), (47, 51), (20, 21), (56, 22), (55, 52), (36, 35), (19, 18), (10, 12), (50, 49), (33, 34), (44, 45), (5, 6), (40, 39), (7, 4), (32, 48), (59, 57), (15, 14), (31, 30), (41, 42), (16, 17), (1, 0), (28, 29), (25, 26), (38, 37), (3, 2), (13, 8), (54, 53), (23, 24)]
fitness=42382.0,iteration=0,gap=0.0,delta=0.0,timestamp=18.5151681
