optimum=104772
execution_time=42.863706500000006,start_time=7.3985691,stop_time=50.2622756
[(58, 94), (113, 114), (13, 12), (24, 23), (16, 25), (135, 134), (133, 137), (40, 41), (129, 130), (53, 55), (144, 149), (70, 68), (46, 47), (17, 18), (29, 28), (143, 141), (60, 59), (11, 10), (44, 43), (42, 45), (61, 65), (72, 71), (82, 83), (131, 124), (146, 54), (32, 33), (81, 80), (14, 15), (119, 118), (132, 136), (97, 96), (69, 89), (106, 107), (98, 95), (31, 57), (77, 78), (142, 139), (85, 84), (99, 100), (140, 148), (127, 125), (26, 27), (128, 126), (19, 20), (21, 22), (116, 117), (9, 8), (39, 34), (104, 105), (91, 30), (56, 49), (93, 92), (6, 7), (90, 88), (1, 0), (101, 102), (74, 75), (4, 5), (145, 138), (67, 73), (48, 50), (115, 110), (36, 35), (51, 52), (2, 3), (76, 79), (122, 123), (64, 63), (87, 86), (112, 111), (120, 121), (103, 147), (108, 109), (62, 66), (38, 37)]
fitness=104772,iteration=0,gap=0.0,delta=0,timestamp=50.2620919
