optimum=130178
execution_time=113.06104339999999,start_time=17.0133591,stop_time=130.0744025
[(32, 31), (90, 89), (73, 76), (70, 71), (113, 114), (38, 41), (176, 177), (192, 175), (47, 124), (149, 150), (12, 16), (19, 20), (118, 117), (11, 8), (187, 185), (159, 158), (174, 172), (0, 1), (121, 125), (188, 189), (198, 48), (35, 92), (78, 79), (143, 142), (132, 131), (34, 33), (86, 85), (195, 191), (4, 3), (94, 93), (45, 43), (95, 96), (127, 126), (14, 15), (190, 196), (199, 197), (167, 169), (162, 163), (104, 99), (138, 137), (108, 110), (62, 63), (173, 171), (22, 21), (61, 60), (184, 26), (147, 148), (72, 74), (101, 100), (140, 139), (123, 122), (56, 58), (40, 42), (152, 151), (111, 112), (81, 82), (83, 84), (49, 50), (65, 64), (154, 157), (193, 186), (17, 13), (103, 102), (80, 194), (55, 75), (166, 77), (180, 181), (107, 109), (119, 120), (146, 145), (57, 59), (128, 18), (87, 88), (2, 7), (67, 68), (98, 97), (29, 28), (39, 46), (116, 115), (30, 27), (52, 51), (5, 6), (183, 182), (165, 164), (37, 36), (23, 69), (133, 134), (179, 178), (141, 144), (155, 153), (156, 91), (170, 168), (135, 136), (9, 10), (54, 53), (25, 24), (44, 66), (161, 160), (105, 106), (130, 129)]
fitness=130178,iteration=0,gap=0.0,delta=0,timestamp=130.0741782
