optimum=53538
execution_time=6.1968473,start_time=1.7968758,stop_time=7.9937231
[(66, 65), (17, 16), (19, 14), (73, 47), (40, 39), (57, 56), (22, 21), (3, 2), (44, 43), (27, 26), (30, 25), (45, 46), (51, 50), (58, 59), (35, 31), (4, 5), (29, 28), (12, 77), (18, 15), (76, 75), (68, 67), (60, 61), (24, 23), (78, 42), (37, 13), (53, 52), (8, 10), (32, 36), (72, 71), (11, 9), (54, 55), (62, 63), (69, 70), (6, 7), (0, 1), (64, 20), (48, 49), (38, 41), (34, 33), (74, 79)]
fitness=53538,iteration=0,gap=0.0,delta=0,timestamp=7.9935536
