optimum=83495
execution_time=0.03281489999999998,start_time=3.0499646,stop_time=3.0827795
[(57, 56), (52, 53), (14, 15), (40, 39), (37, 38), (84, 85), (33, 34), (8, 7), (78, 80), (47, 46), (28, 27), (66, 67), (23, 22), (10, 9), (16, 17), (20, 19), (24, 25), (58, 59), (51, 50), (86, 82), (11, 12), (35, 36), (62, 61), (43, 42), (49, 48), (6, 5), (93, 91), (44, 45), (64, 63), (76, 75), (77, 79), (29, 30), (72, 70), (4, 3), (1, 0), (68, 65), (83, 87), (98, 92), (95, 60), (94, 96), (31, 32), (26, 21), (71, 69), (2, 18), (13, 81), (55, 99), (90, 89), (97, 41), (74, 88), (54, 73)]
fitness=86513,iteration=0,gap=3.614587699862267,delta=3018,timestamp=3.0571601
fitness=83537,iteration=1,gap=0.050302413318162764,delta=42,timestamp=3.0827436
