optimum=130178
execution_time=0.18239519999999843,start_time=16.5255587,stop_time=16.7079539
[(8, 11), (130, 129), (65, 64), (153, 155), (0, 1), (46, 43), (119, 120), (72, 74), (49, 50), (152, 151), (63, 62), (107, 109), (56, 58), (146, 145), (101, 100), (10, 9), (94, 93), (160, 161), (169, 168), (154, 157), (176, 177), (158, 159), (106, 105), (110, 108), (81, 82), (162, 163), (89, 90), (30, 29), (185, 187), (173, 171), (103, 102), (87, 88), (138, 137), (178, 179), (15, 14), (144, 141), (143, 142), (71, 70), (21, 20), (197, 199), (2, 3), (190, 196), (42, 40), (180, 181), (136, 135), (78, 80), (118, 117), (132, 131), (28, 27), (59, 57), (98, 97), (139, 140), (32, 31), (183, 182), (55, 75), (126, 127), (112, 111), (133, 134), (61, 60), (164, 165), (51, 52), (104, 99), (41, 38), (191, 195), (33, 34), (148, 147), (68, 67), (113, 114), (115, 116), (36, 37), (96, 95), (83, 84), (172, 174), (186, 193), (5, 6), (76, 73), (19, 22), (167, 170), (149, 150), (122, 121), (45, 39), (4, 7), (188, 189), (16, 12), (156, 91), (69, 23), (13, 17), (124, 123), (192, 175), (166, 198), (85, 86), (128, 18), (47, 35), (92, 25), (66, 44), (194, 79), (26, 184), (125, 77), (24, 48), (54, 53)]
fitness=134640,iteration=0,gap=3.4276144970732383,delta=4462,timestamp=16.541162
fitness=130194,iteration=1,gap=0.012290863279509593,delta=16,timestamp=16.7079161
