optimum=42382
execution_time=1.4049604000000002,start_time=0.6929436,stop_time=2.097904
[(17, 20), (28, 31), (43, 46), (57, 59), (23, 24), (45, 44), (42, 41), (36, 35), (27, 58), (51, 47), (32, 48), (50, 49), (22, 56), (26, 25), (15, 14), (37, 38), (0, 1), (12, 10), (6, 4), (40, 39), (18, 19), (13, 8), (5, 7), (11, 9), (55, 52), (54, 53), (29, 30), (21, 16), (3, 2), (33, 34)]
fitness=42382,iteration=0,gap=0.0,delta=0,timestamp=2.0978407
