optimum=69731
execution_time=0.0198472999999999,start_time=1.3168492,stop_time=1.3366965
[(82, 84), (53, 52), (50, 49), (63, 62), (55, 54), (79, 78), (74, 73), (75, 76), (44, 43), (15, 17), (0, 1), (41, 40), (11, 9), (39, 38), (26, 27), (59, 58), (4, 6), (61, 60), (89, 83), (64, 65), (16, 14), (56, 57), (2, 3), (70, 69), (47, 48), (33, 34), (22, 21), (29, 28), (5, 7), (8, 87), (71, 72), (46, 45), (80, 81), (67, 68), (23, 19), (31, 30), (35, 36), (20, 24), (25, 86), (13, 37), (51, 42), (18, 32), (85, 66), (88, 77), (10, 12)]
fitness=71779,iteration=0,gap=2.937000760063673,delta=2048,timestamp=1.320686
fitness=69747,iteration=1,gap=0.022945318437997447,delta=16,timestamp=1.3366715
