optimum=53538
execution_time=42.601093899999995,start_time=1.882052,stop_time=44.4831459
[(48, 49), (16, 17), (27, 26), (65, 66), (11, 9), (7, 4), (41, 40), (25, 30), (39, 38), (36, 32), (24, 23), (46, 45), (68, 67), (60, 61), (14, 19), (2, 3), (43, 44), (42, 78), (79, 74), (70, 69), (52, 53), (50, 51), (31, 35), (64, 20), (22, 21), (0, 1), (56, 57), (75, 76), (72, 71), (15, 18), (63, 62), (55, 54), (34, 33), (8, 10), (5, 6), (77, 12), (47, 73), (29, 28), (59, 58), (13, 37)]
fitness=53538.0,iteration=0,gap=0.0,delta=0.0,timestamp=44.4831023
