optimum=1994
execution_time=0.1274533,start_time=1.036611,stop_time=1.1640643
[(4, 5), (7, 6), (9, 8), (0, 1), (3, 2)]
fitness=1994.0,iteration=0,gap=0.0,delta=0.0,timestamp=1.1640276
