optimum=19032
execution_time=1.9254296,start_time=0.8801089,stop_time=2.8055385
[(29, 5), (17, 18), (15, 16), (21, 22), (13, 12), (11, 14), (0, 1), (10, 9), (26, 24), (4, 2), (6, 3), (28, 27), (19, 20), (7, 8), (23, 25)]
fitness=19032.0,iteration=0,gap=0.0,delta=0.0,timestamp=2.8055016
