optimum=69731
execution_time=0.032953599999999916,start_time=2.277553,stop_time=2.3105066
[(21, 22), (40, 41), (74, 73), (56, 57), (17, 15), (0, 1), (16, 14), (69, 70), (23, 19), (50, 49), (38, 39), (83, 89), (52, 53), (28, 29), (58, 59), (4, 6), (46, 45), (9, 11), (78, 79), (64, 65), (48, 47), (44, 43), (54, 55), (27, 26), (3, 2), (60, 61), (20, 24), (5, 7), (30, 31), (82, 84), (35, 36), (62, 63), (10, 12), (86, 25), (76, 75), (33, 34), (32, 18), (51, 42), (72, 71), (81, 80), (13, 37), (68, 67), (88, 77), (85, 66), (8, 87)]
fitness=71779,iteration=0,gap=2.937000760063673,delta=2048,timestamp=2.2832527
fitness=69747,iteration=1,gap=0.022945318437997447,delta=16,timestamp=2.3104757
