optimum=83495
execution_time=84.485962,start_time=2.9170699,stop_time=87.4030319
[(52, 53), (75, 76), (44, 45), (94, 96), (85, 84), (66, 67), (6, 5), (90, 89), (21, 22), (57, 56), (18, 23), (15, 14), (50, 51), (71, 69), (7, 8), (63, 64), (24, 25), (40, 39), (19, 20), (83, 87), (28, 27), (10, 11), (32, 31), (81, 13), (43, 42), (37, 38), (91, 93), (9, 12), (92, 98), (60, 95), (17, 16), (70, 72), (78, 80), (62, 61), (0, 1), (41, 97), (73, 54), (35, 36), (29, 30), (77, 79), (26, 2), (68, 65), (34, 33), (49, 48), (88, 74), (58, 59), (55, 99), (46, 47), (86, 82), (3, 4)]
fitness=83495.0,iteration=0,gap=0.0,delta=0.0,timestamp=87.4029947
