optimum=42382
execution_time=2.5979804,start_time=1.0924675,stop_time=3.6904479
[(29, 31), (1, 0), (5, 6), (43, 46), (26, 25), (19, 18), (14, 15), (3, 2), (20, 21), (35, 36), (44, 45), (56, 22), (39, 40), (23, 24), (50, 49), (53, 54), (32, 48), (28, 30), (52, 55), (10, 12), (34, 33), (57, 59), (37, 38), (51, 47), (11, 9), (42, 41), (13, 8), (7, 4), (16, 17), (58, 27)]
fitness=42382,iteration=0,gap=0.0,delta=0,timestamp=3.6903611
