optimum=34198
execution_time=9.7833015,start_time=1.0795215,stop_time=10.862823
[(2, 3), (45, 42), (22, 25), (40, 41), (44, 49), (8, 7), (12, 13), (47, 21), (15, 14), (9, 11), (23, 24), (48, 26), (35, 34), (0, 1), (5, 10), (19, 20), (30, 31), (17, 16), (29, 28), (43, 46), (27, 18), (32, 33), (36, 38), (6, 4), (39, 37)]
fitness=34198.0,iteration=0,gap=0.0,delta=0.0,timestamp=10.8627794
