optimum=53538
execution_time=0.013385800000000003,start_time=0.9811486,stop_time=0.9945344
[(52, 53), (70, 69), (0, 1), (18, 14), (48, 49), (23, 24), (63, 62), (66, 65), (55, 54), (9, 11), (28, 29), (6, 4), (39, 41), (51, 50), (68, 67), (74, 79), (27, 26), (3, 2), (71, 72), (75, 76), (38, 40), (34, 33), (16, 17), (32, 36), (60, 61), (46, 45), (43, 44), (8, 10), (13, 37), (19, 15), (21, 22), (58, 59), (35, 31), (7, 5), (57, 56), (30, 25), (42, 78), (47, 73), (64, 20), (12, 77)]
fitness=55448,iteration=0,gap=3.567559490455378,delta=1910,timestamp=0.9841145
fitness=53538,iteration=1,gap=0.0,delta=0,timestamp=0.9945101
