optimum=69731
execution_time=10.338916099999999,start_time=2.337585,stop_time=12.6765011
[(4, 5), (44, 87), (78, 79), (49, 50), (83, 89), (53, 52), (13, 37), (61, 62), (34, 33), (28, 31), (54, 55), (11, 9), (68, 67), (0, 1), (75, 76), (26, 27), (41, 40), (74, 73), (2, 3), (12, 60), (6, 7), (42, 51), (80, 81), (85, 88), (72, 71), (69, 70), (58, 59), (56, 57), (25, 86), (36, 35), (18, 32), (10, 8), (64, 65), (20, 24), (29, 30), (23, 19), (47, 48), (38, 39), (14, 17), (16, 15), (43, 77), (45, 46), (84, 82), (21, 22), (63, 66)]
fitness=69731,iteration=0,gap=0.0,delta=0,timestamp=12.676358
