optimum=130178
execution_time=0.1717166999999975,start_time=16.0867566,stop_time=16.2584733
[(109, 107), (130, 129), (153, 155), (8, 11), (30, 28), (181, 180), (100, 101), (52, 51), (132, 131), (102, 103), (108, 110), (178, 179), (80, 79), (177, 176), (90, 89), (133, 134), (187, 185), (173, 171), (97, 98), (34, 33), (6, 5), (172, 174), (140, 139), (141, 144), (36, 37), (0, 1), (197, 199), (165, 164), (112, 111), (50, 49), (57, 56), (42, 41), (20, 21), (95, 96), (71, 70), (162, 163), (120, 119), (54, 53), (126, 127), (14, 15), (31, 32), (4, 3), (142, 143), (154, 157), (150, 149), (92, 25), (82, 81), (146, 145), (114, 113), (105, 106), (94, 93), (83, 84), (158, 159), (147, 148), (87, 88), (91, 156), (188, 189), (182, 183), (16, 12), (7, 2), (135, 136), (168, 169), (65, 64), (116, 115), (186, 193), (43, 46), (99, 104), (9, 10), (160, 161), (74, 72), (85, 86), (58, 59), (138, 137), (121, 122), (62, 63), (68, 67), (13, 17), (167, 170), (152, 151), (19, 22), (40, 38), (27, 29), (195, 191), (117, 118), (123, 124), (128, 18), (69, 23), (192, 175), (45, 39), (190, 196), (76, 73), (24, 48), (166, 198), (61, 60), (125, 77), (47, 35), (44, 66), (194, 78), (26, 184), (55, 75)]
fitness=134640,iteration=0,gap=3.4276144970732383,delta=4462,timestamp=16.1003149
fitness=130194,iteration=1,gap=0.012290863279509593,delta=16,timestamp=16.2584353
