optimum=130178
execution_time=100.0420893,start_time=16.2663596,stop_time=116.3084489
[(121, 125), (98, 97), (173, 171), (51, 52), (3, 2), (35, 92), (104, 99), (172, 174), (170, 168), (65, 64), (124, 47), (28, 29), (79, 80), (33, 34), (169, 167), (1, 0), (101, 100), (91, 156), (60, 61), (20, 21), (158, 159), (111, 112), (140, 139), (37, 36), (7, 4), (177, 176), (93, 94), (117, 118), (63, 62), (96, 95), (144, 141), (6, 5), (19, 22), (122, 123), (113, 114), (165, 164), (10, 9), (53, 54), (190, 196), (27, 30), (175, 192), (71, 70), (149, 150), (57, 59), (13, 17), (194, 78), (191, 195), (66, 44), (50, 49), (188, 189), (187, 185), (126, 127), (179, 178), (103, 102), (8, 11), (106, 105), (107, 109), (157, 154), (166, 77), (155, 153), (88, 87), (134, 133), (55, 75), (12, 16), (45, 43), (67, 68), (18, 128), (143, 142), (25, 24), (146, 145), (119, 120), (147, 148), (73, 72), (41, 40), (163, 162), (131, 132), (81, 82), (90, 89), (115, 116), (197, 199), (42, 38), (138, 137), (83, 84), (15, 14), (161, 160), (198, 48), (110, 108), (46, 39), (26, 184), (23, 69), (193, 186), (183, 182), (135, 136), (31, 32), (86, 85), (58, 56), (180, 181), (74, 76), (130, 129), (152, 151)]
fitness=130178,iteration=0,gap=0.0,delta=0,timestamp=116.3082451
