optimum=34198
execution_time=0.00964100000000001,start_time=0.9299386,stop_time=0.9395796
[(40, 41), (9, 5), (16, 17), (13, 12), (28, 29), (14, 15), (20, 18), (34, 35), (30, 31), (33, 32), (19, 27), (7, 8), (2, 3), (10, 11), (22, 25), (24, 23), (45, 43), (38, 36), (44, 49), (37, 39), (0, 1), (4, 6), (21, 47), (42, 46), (26, 48)]
fitness=35336,iteration=0,gap=3.327679981285455,delta=1138,timestamp=0.933568
fitness=34198,iteration=1,gap=0.0,delta=0,timestamp=0.9395614
