optimum=1994
execution_time=0.0006783000000000206,start_time=0.6598758,stop_time=0.6605541
[(8, 9), (4, 5), (0, 1), (3, 2), (6, 7)]
fitness=1994,iteration=0,gap=0.0,delta=0,timestamp=0.6604542
fitness=1994,iteration=1,gap=0.0,delta=0,timestamp=0.6605448
