optimum=20892
execution_time=0.003916900000000001,start_time=0.8324962,stop_time=0.8364131
[(14, 13), (32, 33), (20, 19), (26, 28), (0, 1), (6, 10), (16, 15), (36, 35), (21, 22), (30, 31), (9, 8), (11, 12), (27, 25), (2, 3), (5, 4), (18, 17), (34, 7), (24, 23), (37, 38), (29, 39)]
fitness=22066,iteration=0,gap=5.619375837641202,delta=1174,timestamp=0.8344252
fitness=20892,iteration=1,gap=0.0,delta=0,timestamp=0.8363988
