optimum=47234
execution_time=27.9811464,start_time=1.5823349,stop_time=29.5634813
[(15, 14), (20, 27), (41, 40), (13, 65), (50, 46), (49, 48), (28, 33), (63, 47), (29, 32), (6, 5), (54, 53), (21, 22), (44, 45), (9, 10), (57, 58), (35, 34), (59, 61), (25, 26), (55, 56), (52, 51), (4, 7), (66, 69), (31, 30), (12, 68), (23, 24), (11, 8), (3, 2), (43, 42), (17, 16), (18, 19), (67, 64), (1, 0), (36, 37), (38, 39), (62, 60)]
fitness=47234.0,iteration=0,gap=0.0,delta=0.0,timestamp=29.5634218
