optimum=19032
execution_time=0.0021494999999999154,start_time=0.7678179,stop_time=0.7699674
[(22, 21), (20, 19), (18, 17), (16, 15), (7, 8), (26, 24), (4, 2), (11, 13), (10, 9), (12, 14), (25, 23), (1, 0), (5, 29), (27, 28), (3, 6)]
fitness=19032,iteration=0,gap=0.0,delta=0,timestamp=0.7694743
fitness=19032,iteration=1,gap=0.0,delta=0,timestamp=0.7699556
