optimum=83495
execution_time=84.5080595,start_time=2.8771469,stop_time=87.3852064
[(68, 65), (33, 34), (58, 59), (15, 14), (18, 23), (6, 5), (99, 55), (84, 85), (70, 72), (98, 92), (82, 86), (64, 63), (26, 2), (8, 7), (44, 45), (56, 57), (96, 94), (66, 67), (19, 20), (60, 95), (76, 75), (4, 3), (69, 71), (49, 48), (77, 80), (93, 91), (97, 41), (88, 74), (38, 37), (87, 83), (61, 62), (29, 30), (17, 16), (13, 81), (28, 27), (43, 42), (32, 31), (52, 53), (25, 24), (40, 39), (9, 10), (21, 22), (46, 47), (36, 35), (73, 54), (12, 11), (78, 79), (89, 90), (51, 50), (0, 1)]
fitness=83495.0,iteration=0,gap=0.0,delta=0.0,timestamp=87.385167
