optimum=83495
execution_time=85.1776128,start_time=3.1080008,stop_time=88.2856136
[(17, 16), (78, 77), (27, 28), (89, 90), (11, 9), (26, 2), (57, 56), (30, 29), (32, 31), (14, 15), (12, 10), (61, 62), (66, 65), (42, 43), (44, 45), (35, 36), (87, 83), (67, 68), (50, 51), (5, 6), (4, 3), (34, 33), (79, 80), (98, 92), (21, 22), (64, 63), (82, 86), (48, 49), (97, 41), (7, 8), (13, 81), (71, 69), (46, 47), (74, 88), (58, 59), (91, 93), (70, 72), (24, 25), (94, 96), (39, 40), (19, 20), (52, 53), (0, 1), (73, 54), (18, 23), (37, 38), (75, 76), (95, 60), (99, 55), (85, 84)]
fitness=83495.0,iteration=0,gap=0.0,delta=0.0,timestamp=88.2855763
