optimum=1994
execution_time=0.11654450000000005,start_time=0.7897928,stop_time=0.9063373
[(9, 8), (0, 1), (4, 7), (2, 3), (5, 6)]
fitness=1994.0,iteration=0,gap=0.0,delta=0.0,timestamp=0.9063021
