optimum=130178
execution_time=300.0110808,start_time=15.9312527,stop_time=315.9423335
[(141, 144), (187, 186), (185, 127), (129, 130), (155, 153), (174, 172), (37, 36), (120, 119), (86, 85), (35, 47), (157, 154), (111, 112), (173, 171), (128, 126), (16, 12), (61, 60), (49, 50), (24, 53), (196, 190), (102, 103), (191, 195), (135, 136), (68, 67), (10, 9), (145, 146), (150, 149), (133, 134), (43, 46), (98, 97), (188, 189), (33, 34), (158, 159), (31, 32), (57, 59), (11, 8), (199, 197), (176, 177), (181, 180), (168, 169), (143, 142), (138, 137), (101, 100), (90, 89), (121, 122), (0, 1), (124, 123), (69, 23), (22, 19), (139, 140), (147, 148), (30, 29), (77, 125), (42, 40), (7, 4), (48, 198), (51, 52), (104, 99), (58, 56), (5, 6), (71, 70), (79, 194), (14, 17), (165, 164), (74, 76), (170, 167), (38, 41), (163, 162), (88, 87), (109, 107), (72, 73), (78, 80), (115, 116), (27, 28), (39, 45), (75, 166), (81, 82), (152, 151), (44, 64), (193, 192), (105, 106), (113, 114), (3, 2), (93, 94), (108, 110), (118, 117), (63, 62), (92, 25), (96, 95), (175, 18), (131, 132), (161, 160), (91, 156), (15, 13), (65, 66), (179, 178), (21, 20), (26, 184), (182, 183), (54, 55), (83, 84)]
fitness=131506.0,iteration=0,gap=1.0201416521992963,delta=1328.0,timestamp=315.9422938
