optimum=47234
execution_time=0.00916399999999995,start_time=1.4209357,stop_time=1.4300997
[(67, 64), (52, 51), (46, 50), (34, 35), (25, 26), (0, 1), (8, 11), (2, 3), (21, 22), (38, 39), (16, 17), (54, 53), (58, 57), (36, 37), (6, 5), (10, 9), (60, 62), (23, 24), (30, 31), (55, 56), (49, 48), (59, 61), (29, 32), (4, 7), (28, 33), (15, 14), (41, 40), (44, 45), (69, 13), (42, 43), (65, 27), (19, 18), (63, 20), (66, 47), (12, 68)]
fitness=47252,iteration=0,gap=0.03810814243976796,delta=18,timestamp=1.425268
fitness=47244,iteration=1,gap=0.021171190244315536,delta=10,timestamp=1.4300789
