optimum=130178
execution_time=0.15909369999999967,start_time=13.3438173,stop_time=13.502911
[(109, 107), (34, 33), (127, 126), (162, 163), (42, 40), (79, 80), (101, 100), (176, 177), (138, 137), (43, 46), (120, 119), (20, 21), (129, 130), (168, 170), (187, 185), (155, 153), (96, 95), (52, 51), (173, 171), (131, 132), (3, 2), (181, 180), (37, 36), (142, 143), (11, 8), (136, 135), (160, 161), (105, 106), (1, 0), (121, 122), (29, 30), (56, 57), (190, 196), (141, 144), (82, 81), (147, 148), (41, 38), (152, 151), (22, 19), (158, 159), (67, 68), (150, 149), (140, 139), (9, 10), (123, 124), (108, 110), (31, 32), (117, 118), (169, 167), (70, 71), (59, 58), (27, 28), (64, 65), (50, 49), (55, 75), (74, 72), (145, 146), (164, 165), (94, 93), (5, 6), (60, 61), (179, 178), (47, 35), (73, 76), (98, 97), (83, 84), (14, 15), (134, 133), (172, 174), (195, 191), (103, 102), (16, 12), (183, 182), (23, 69), (199, 197), (186, 193), (154, 157), (62, 63), (99, 104), (45, 39), (13, 17), (112, 111), (89, 90), (4, 7), (86, 85), (92, 25), (166, 198), (114, 113), (116, 115), (87, 88), (194, 78), (192, 175), (128, 18), (91, 156), (26, 184), (44, 66), (188, 189), (77, 125), (24, 48), (54, 53)]
fitness=134640,iteration=0,gap=3.4276144970732383,delta=4462,timestamp=13.3557419
fitness=130194,iteration=1,gap=0.012290863279509593,delta=16,timestamp=13.5028711
