optimum=47234
execution_time=4.3944429,start_time=1.4000976,stop_time=5.7945405
[(21, 22), (31, 30), (44, 45), (12, 68), (10, 9), (48, 49), (6, 7), (63, 47), (53, 54), (61, 62), (42, 43), (3, 2), (40, 41), (19, 16), (29, 32), (14, 15), (18, 17), (50, 46), (33, 28), (8, 11), (38, 39), (66, 69), (64, 67), (37, 36), (56, 55), (24, 23), (34, 35), (27, 20), (0, 1), (60, 59), (13, 65), (25, 26), (4, 5), (57, 58), (52, 51)]
fitness=47234,iteration=0,gap=0.0,delta=0,timestamp=5.7944246
