optimum=69731
execution_time=63.493621600000004,start_time=2.5800336,stop_time=66.0736552
[(62, 61), (50, 49), (5, 4), (13, 37), (85, 88), (23, 19), (26, 27), (1, 0), (75, 76), (66, 63), (53, 52), (45, 46), (35, 36), (20, 24), (78, 79), (67, 68), (15, 16), (17, 14), (81, 80), (55, 54), (39, 38), (29, 28), (3, 2), (69, 70), (42, 51), (9, 11), (25, 86), (48, 47), (41, 40), (74, 73), (57, 56), (6, 7), (8, 10), (72, 71), (34, 33), (30, 31), (77, 43), (12, 60), (83, 89), (64, 65), (82, 84), (32, 18), (22, 21), (44, 87), (58, 59)]
fitness=69731.0,iteration=0,gap=0.0,delta=0.0,timestamp=66.0736078
