optimum=104772
execution_time=42.491974500000005,start_time=7.2207088,stop_time=49.7126833
[(52, 51), (87, 86), (71, 72), (88, 90), (1, 0), (82, 83), (108, 109), (30, 91), (69, 70), (20, 19), (120, 121), (37, 38), (131, 124), (85, 84), (92, 93), (113, 114), (142, 139), (15, 14), (22, 21), (149, 144), (126, 127), (41, 40), (75, 74), (73, 67), (28, 29), (115, 111), (27, 26), (76, 79), (46, 47), (3, 2), (11, 10), (31, 57), (100, 99), (140, 148), (128, 125), (118, 119), (68, 89), (147, 103), (107, 106), (64, 63), (65, 61), (16, 25), (5, 4), (123, 122), (132, 136), (135, 134), (129, 130), (42, 45), (8, 9), (95, 96), (112, 110), (62, 66), (12, 13), (55, 56), (33, 32), (116, 117), (17, 18), (141, 143), (35, 36), (48, 50), (23, 24), (138, 145), (49, 53), (137, 133), (58, 94), (98, 97), (34, 39), (81, 80), (105, 104), (43, 44), (59, 60), (146, 54), (7, 6), (101, 102), (77, 78)]
fitness=104772,iteration=0,gap=0.0,delta=0,timestamp=49.7124842
