optimum=19032
execution_time=1.8779351000000002,start_time=0.7316414,stop_time=2.6095765
[(12, 13), (23, 24), (9, 10), (0, 1), (27, 28), (29, 5), (20, 19), (7, 8), (21, 22), (3, 6), (26, 25), (2, 4), (16, 15), (11, 14), (17, 18)]
fitness=19032.0,iteration=0,gap=0.0,delta=0.0,timestamp=2.6095267
