optimum=34198
execution_time=0.009518399999999927,start_time=1.1072731,stop_time=1.1167915
[(31, 30), (19, 18), (29, 28), (33, 32), (35, 34), (7, 8), (36, 38), (0, 1), (13, 12), (43, 45), (42, 46), (9, 5), (17, 16), (40, 41), (15, 14), (11, 10), (25, 22), (26, 48), (21, 47), (39, 37), (2, 3), (4, 6), (20, 27), (44, 49), (24, 23)]
fitness=35336,iteration=0,gap=3.327679981285455,delta=1138,timestamp=1.1105611
fitness=34198,iteration=1,gap=0.0,delta=0,timestamp=1.1167725
