optimum=20892
execution_time=4.5174934,start_time=1.0638853,stop_time=5.5813787
[(13, 14), (29, 39), (18, 17), (33, 32), (16, 15), (4, 5), (20, 19), (22, 21), (7, 36), (28, 27), (8, 9), (3, 2), (34, 35), (37, 38), (24, 23), (0, 1), (6, 12), (26, 25), (11, 10), (30, 31)]
fitness=20892.0,iteration=0,gap=0.0,delta=0.0,timestamp=5.5813345
