optimum=1994
execution_time=0.014427199999999973,start_time=0.4431047,stop_time=0.4575319
[(8, 9), (1, 0), (5, 6), (3, 2), (4, 7)]
fitness=1994,iteration=0,gap=0.0,delta=0,timestamp=0.4574828
