optimum=34198
execution_time=1.2322965,start_time=0.914317,stop_time=2.1466135
[(20, 18), (15, 14), (5, 9), (29, 28), (6, 4), (30, 31), (48, 26), (47, 21), (11, 10), (35, 34), (2, 3), (17, 16), (36, 38), (0, 1), (13, 12), (44, 49), (7, 8), (24, 23), (40, 41), (43, 42), (22, 25), (33, 32), (39, 37), (45, 46), (27, 19)]
fitness=34198,iteration=0,gap=0.0,delta=0,timestamp=2.1465249
