optimum=42382
execution_time=7.958081899999999,start_time=0.8005205,stop_time=8.7586024
[(33, 34), (0, 1), (52, 55), (44, 45), (21, 20), (26, 25), (3, 2), (29, 28), (42, 41), (43, 46), (18, 19), (24, 23), (14, 15), (9, 11), (38, 37), (30, 31), (22, 56), (10, 12), (51, 47), (59, 57), (50, 49), (32, 48), (4, 6), (8, 13), (39, 40), (17, 16), (7, 5), (53, 54), (58, 27), (36, 35)]
fitness=47906.0,iteration=0,gap=13.033835118682461,delta=5524.0,timestamp=4.0120473
fitness=42382.0,iteration=1,gap=0.0,delta=0.0,timestamp=8.7585706
