optimum=130178
execution_time=300.03384420000003,start_time=16.0723415,stop_time=316.1061857
[(19, 20), (139, 140), (34, 33), (149, 150), (8, 11), (42, 41), (134, 133), (71, 70), (2, 4), (52, 51), (167, 170), (135, 136), (43, 46), (93, 94), (99, 100), (0, 1), (79, 80), (30, 28), (6, 5), (118, 117), (95, 96), (107, 109), (182, 183), (114, 113), (154, 157), (32, 31), (156, 91), (77, 62), (9, 10), (171, 173), (14, 15), (16, 13), (123, 124), (103, 104), (35, 25), (101, 97), (127, 126), (72, 74), (178, 179), (132, 131), (186, 185), (112, 111), (57, 59), (89, 90), (60, 58), (191, 3), (86, 85), (187, 190), (56, 61), (50, 49), (40, 38), (106, 105), (115, 116), (175, 174), (84, 83), (48, 44), (110, 108), (81, 82), (180, 189), (78, 47), (151, 152), (141, 144), (68, 67), (176, 177), (24, 53), (128, 196), (87, 88), (12, 18), (165, 164), (27, 29), (168, 169), (54, 55), (23, 21), (129, 130), (120, 119), (161, 160), (192, 188), (137, 17), (37, 36), (39, 45), (121, 122), (146, 145), (172, 102), (162, 163), (158, 159), (199, 197), (184, 98), (181, 76), (22, 63), (143, 142), (75, 125), (155, 153), (198, 66), (195, 69), (64, 65), (194, 138), (26, 92), (7, 193), (148, 147), (166, 73)]
fitness=199002,iteration=0,gap=52.869148396810516,delta=68824,timestamp=30.6536097
fitness=182810,iteration=2,gap=40.430794757946806,delta=52632,timestamp=61.0855782
fitness=173770,iteration=5,gap=33.48645700502389,delta=43592,timestamp=105.5721494
fitness=170032,iteration=17,gap=30.615004071348462,delta=39854,timestamp=287.9063075
