optimum=130178
execution_time=0.1308839000000006,start_time=15.9799106,stop_time=16.1107945
[(161, 160), (20, 21), (143, 142), (151, 152), (100, 101), (11, 8), (153, 155), (54, 53), (15, 14), (51, 52), (36, 37), (112, 111), (40, 42), (93, 94), (6, 5), (72, 74), (137, 138), (64, 65), (46, 45), (62, 63), (122, 121), (114, 113), (98, 97), (173, 171), (28, 29), (96, 95), (34, 33), (118, 117), (126, 127), (68, 67), (78, 79), (183, 182), (130, 129), (103, 102), (41, 38), (4, 3), (22, 19), (49, 50), (146, 145), (120, 119), (144, 141), (92, 25), (148, 147), (180, 181), (157, 154), (10, 9), (163, 162), (169, 170), (135, 136), (131, 132), (185, 187), (115, 116), (124, 123), (16, 12), (186, 193), (199, 197), (71, 70), (76, 73), (106, 105), (1, 0), (179, 178), (176, 177), (195, 191), (89, 90), (2, 7), (158, 159), (23, 69), (104, 99), (133, 134), (150, 149), (32, 31), (83, 84), (43, 39), (59, 57), (81, 82), (164, 165), (140, 139), (58, 56), (194, 80), (86, 85), (167, 168), (30, 27), (107, 109), (172, 174), (88, 87), (13, 17), (26, 184), (128, 18), (108, 110), (61, 60), (175, 192), (91, 156), (47, 35), (166, 198), (77, 125), (190, 196), (44, 66), (188, 189), (24, 48), (55, 75)]
fitness=134640,iteration=0,gap=3.4276144970732383,delta=4462,timestamp=15.9942034
fitness=130194,iteration=1,gap=0.012290863279509593,delta=16,timestamp=16.1107556
