optimum=83495
execution_time=0.03300139999999985,start_time=2.8216191,stop_time=2.8546205
[(19, 20), (59, 58), (40, 39), (42, 43), (7, 8), (27, 28), (64, 63), (30, 29), (3, 4), (57, 56), (33, 34), (5, 6), (65, 66), (1, 0), (91, 93), (38, 37), (22, 23), (24, 25), (50, 51), (85, 84), (9, 10), (80, 78), (47, 46), (76, 75), (21, 26), (98, 74), (49, 48), (70, 72), (45, 44), (62, 61), (53, 52), (71, 69), (79, 77), (14, 15), (36, 35), (86, 82), (31, 32), (67, 68), (83, 87), (96, 94), (12, 11), (60, 95), (81, 89), (90, 88), (16, 17), (99, 55), (2, 18), (92, 13), (97, 41), (73, 54)]
fitness=86513,iteration=0,gap=3.614587699862267,delta=3018,timestamp=2.8290624
fitness=85293,iteration=1,gap=2.153422360620396,delta=1798,timestamp=2.8545839
