optimum=53538
execution_time=0.029469100000000026,start_time=1.9109783,stop_time=1.9404474
[(33, 34), (55, 54), (5, 6), (29, 28), (48, 49), (9, 11), (76, 75), (41, 39), (66, 65), (50, 51), (0, 1), (72, 71), (47, 73), (58, 59), (32, 36), (44, 43), (53, 52), (69, 70), (35, 31), (68, 67), (10, 8), (63, 62), (74, 79), (18, 14), (2, 3), (17, 16), (26, 27), (56, 57), (60, 61), (38, 40), (21, 22), (7, 4), (25, 30), (23, 24), (78, 42), (15, 19), (64, 20), (13, 37), (46, 45), (77, 12)]
fitness=55448,iteration=0,gap=3.567559490455378,delta=1910,timestamp=1.9163738
fitness=53538,iteration=1,gap=0.0,delta=0,timestamp=1.9404152
