optimum=130178
execution_time=0.192787899999999,start_time=15.8833086,stop_time=16.0760965
[(72, 74), (62, 63), (30, 28), (105, 106), (56, 59), (67, 68), (31, 32), (101, 100), (51, 52), (135, 136), (154, 157), (81, 82), (8, 11), (131, 132), (150, 149), (164, 165), (122, 121), (78, 80), (10, 9), (45, 46), (93, 94), (6, 5), (199, 197), (188, 189), (141, 144), (109, 107), (185, 187), (98, 97), (159, 158), (168, 169), (160, 161), (83, 84), (3, 4), (0, 1), (21, 20), (176, 177), (155, 153), (143, 142), (89, 90), (103, 102), (27, 29), (49, 50), (55, 75), (58, 57), (64, 65), (7, 2), (139, 140), (180, 181), (61, 60), (162, 163), (14, 15), (37, 36), (124, 123), (151, 152), (87, 88), (145, 146), (134, 133), (195, 191), (127, 126), (117, 118), (96, 95), (183, 182), (119, 120), (178, 179), (137, 138), (71, 70), (173, 171), (129, 130), (85, 86), (40, 42), (112, 111), (13, 17), (186, 193), (148, 147), (113, 114), (16, 12), (110, 108), (170, 167), (91, 156), (22, 19), (116, 115), (41, 38), (25, 92), (39, 43), (33, 34), (99, 104), (76, 73), (198, 166), (190, 196), (69, 23), (35, 47), (184, 26), (172, 174), (77, 125), (175, 192), (128, 18), (44, 66), (194, 79), (24, 48), (54, 53)]
fitness=134640,iteration=0,gap=3.4276144970732383,delta=4462,timestamp=15.8996264
fitness=130194,iteration=1,gap=0.012290863279509593,delta=16,timestamp=16.0760627
