optimum=83495
execution_time=91.8847022,start_time=2.8676249,stop_time=94.7523271
[(49, 48), (69, 71), (18, 23), (8, 7), (80, 78), (86, 82), (41, 97), (38, 37), (63, 64), (40, 39), (88, 74), (24, 25), (84, 85), (3, 4), (27, 28), (2, 26), (14, 15), (58, 59), (60, 95), (45, 44), (30, 29), (12, 10), (68, 66), (92, 98), (31, 32), (0, 1), (93, 91), (65, 67), (72, 70), (17, 16), (42, 43), (89, 90), (13, 81), (57, 56), (33, 34), (22, 21), (75, 76), (9, 11), (6, 5), (46, 47), (87, 83), (62, 61), (53, 52), (96, 94), (55, 99), (79, 77), (35, 36), (50, 51), (20, 19), (73, 54)]
fitness=83537,iteration=0,gap=0.050302413318162764,delta=42,timestamp=9.638682
fitness=83495,iteration=12,gap=0.0,delta=0,timestamp=94.752129
