optimum=69731
execution_time=0.027309699999999992,start_time=2.2800615,stop_time=2.3073712
[(27, 26), (89, 83), (62, 63), (47, 48), (2, 3), (6, 5), (84, 82), (69, 70), (40, 41), (79, 78), (73, 74), (35, 36), (76, 75), (21, 22), (44, 43), (61, 60), (23, 19), (80, 81), (28, 29), (17, 15), (58, 59), (46, 45), (1, 0), (57, 56), (54, 55), (50, 49), (38, 39), (4, 7), (33, 34), (52, 53), (71, 72), (64, 65), (16, 14), (31, 30), (67, 68), (11, 9), (10, 12), (20, 24), (25, 86), (18, 32), (51, 42), (85, 66), (13, 37), (88, 77), (8, 87)]
fitness=71779,iteration=0,gap=2.937000760063673,delta=2048,timestamp=2.2858619
fitness=69747,iteration=1,gap=0.022945318437997447,delta=16,timestamp=2.3073379
