optimum=42382
execution_time=0.009726700000000088,start_time=1.3370406,stop_time=1.3467673
[(9, 11), (5, 4), (59, 57), (54, 53), (29, 31), (55, 52), (50, 49), (51, 47), (28, 30), (12, 10), (20, 16), (3, 2), (45, 44), (37, 38), (36, 35), (19, 18), (1, 0), (39, 40), (23, 24), (46, 43), (14, 27), (33, 34), (7, 6), (25, 26), (13, 8), (58, 32), (42, 41), (21, 17), (22, 48), (15, 56)]
fitness=44666,iteration=0,gap=5.389080269925912,delta=2284,timestamp=1.34048
fitness=42890,iteration=1,gap=1.198622056533434,delta=508,timestamp=1.3467363
