optimum=83495
execution_time=0.029245200000000082,start_time=2.7908719,stop_time=2.8201171
[(56, 57), (28, 27), (50, 51), (19, 20), (58, 59), (4, 3), (0, 1), (14, 15), (70, 72), (38, 37), (6, 5), (48, 49), (24, 25), (80, 78), (71, 69), (39, 40), (66, 65), (42, 43), (47, 46), (91, 93), (8, 7), (79, 77), (44, 45), (30, 29), (53, 52), (61, 62), (84, 85), (23, 22), (33, 34), (76, 75), (10, 9), (83, 87), (63, 64), (11, 12), (98, 74), (16, 17), (86, 82), (36, 35), (67, 68), (81, 89), (60, 95), (21, 26), (88, 90), (31, 32), (18, 2), (94, 96), (99, 55), (92, 13), (97, 41), (73, 54)]
fitness=86513,iteration=0,gap=3.614587699862267,delta=3018,timestamp=2.7978878
fitness=85293,iteration=1,gap=2.153422360620396,delta=1798,timestamp=2.8200888
