optimum=53538
execution_time=5.201391,start_time=1.8067642,stop_time=7.0081552
[(29, 28), (19, 14), (35, 31), (68, 67), (51, 50), (8, 10), (3, 2), (26, 27), (15, 18), (6, 5), (52, 53), (11, 9), (1, 0), (60, 61), (56, 57), (77, 12), (76, 75), (47, 73), (4, 7), (70, 69), (41, 40), (23, 24), (74, 79), (55, 54), (16, 17), (21, 22), (59, 58), (43, 44), (25, 30), (78, 42), (38, 39), (34, 33), (49, 48), (46, 45), (63, 62), (13, 37), (66, 65), (20, 64), (32, 36), (72, 71)]
fitness=53538,iteration=0,gap=0.0,delta=0,timestamp=7.0080177
