optimum=42382
execution_time=12.5691427,start_time=1.1792632,stop_time=13.7484059
[(23, 24), (9, 11), (53, 54), (57, 59), (44, 45), (8, 13), (2, 3), (33, 34), (20, 16), (29, 31), (35, 36), (18, 19), (14, 15), (10, 12), (51, 47), (6, 5), (30, 28), (22, 56), (37, 38), (41, 42), (40, 39), (26, 25), (52, 55), (50, 49), (27, 58), (0, 1), (46, 43), (7, 4), (48, 32), (21, 17)]
fitness=47124.0,iteration=0,gap=11.188712189136897,delta=4742.0,timestamp=6.3132572
fitness=42382.0,iteration=1,gap=0.0,delta=0.0,timestamp=13.7483698
