optimum=130178
execution_time=300.0058261,start_time=15.5485808,stop_time=315.5544069
[(48, 24), (14, 15), (11, 8), (72, 74), (110, 108), (128, 185), (101, 102), (137, 138), (172, 174), (122, 121), (131, 132), (165, 164), (85, 86), (118, 117), (93, 94), (43, 46), (96, 95), (154, 157), (160, 161), (104, 103), (67, 68), (5, 6), (180, 181), (56, 57), (155, 153), (169, 170), (151, 152), (167, 168), (66, 44), (163, 162), (120, 119), (81, 82), (73, 76), (173, 171), (26, 184), (134, 133), (87, 88), (20, 21), (158, 159), (143, 142), (199, 197), (41, 42), (65, 64), (40, 38), (182, 183), (32, 31), (130, 129), (193, 18), (70, 71), (33, 34), (17, 13), (176, 177), (124, 123), (92, 25), (109, 107), (63, 62), (112, 111), (100, 99), (139, 140), (59, 58), (179, 178), (45, 39), (78, 194), (114, 113), (51, 52), (83, 84), (175, 192), (148, 147), (105, 106), (19, 22), (136, 135), (1, 0), (16, 12), (80, 79), (10, 9), (145, 146), (4, 7), (186, 190), (28, 30), (116, 115), (55, 75), (144, 141), (91, 156), (166, 198), (54, 53), (191, 195), (61, 60), (98, 97), (49, 50), (187, 196), (23, 69), (189, 188), (3, 2), (47, 35), (127, 126), (27, 29), (37, 36), (89, 90), (149, 150), (125, 77)]
fitness=605386.0,iteration=0,gap=365.04478483307474,delta=475208.0,timestamp=36.3911628
fitness=520428.0,iteration=1,gap=299.7818371767887,delta=390250.0,timestamp=59.3269919
fitness=446896.0,iteration=2,gap=243.2961022599825,delta=316718.0,timestamp=80.6211961
fitness=382914.0,iteration=3,gap=194.14647636313356,delta=252736.0,timestamp=103.8303025
fitness=297352.0,iteration=4,gap=128.41954861804606,delta=167174.0,timestamp=128.0374454
fitness=270298.0,iteration=5,gap=107.63723517030527,delta=140120.0,timestamp=156.568943
fitness=211196.0,iteration=6,gap=62.23632257370677,delta=81018.0,timestamp=196.8182894
fitness=160398.0,iteration=7,gap=23.214368019173747,delta=30220.0,timestamp=254.5064107
fitness=130562.0,iteration=8,gap=0.2949807187082303,delta=384.0,timestamp=315.554359
