optimum=53538
execution_time=4.8051958,start_time=1.7758016,stop_time=6.5809974
[(64, 20), (69, 70), (47, 73), (54, 55), (72, 71), (78, 42), (40, 38), (33, 34), (3, 2), (68, 67), (59, 58), (66, 65), (32, 36), (41, 39), (30, 25), (31, 35), (24, 23), (44, 43), (46, 45), (5, 4), (7, 6), (49, 48), (18, 14), (0, 1), (10, 8), (63, 62), (15, 19), (16, 17), (13, 37), (12, 77), (53, 52), (11, 9), (22, 21), (28, 29), (74, 79), (51, 50), (27, 26), (76, 75), (61, 60), (56, 57)]
fitness=53538,iteration=0,gap=0.0,delta=0,timestamp=6.5808652
