optimum=130178
execution_time=300.01479759999995,start_time=15.5046199,stop_time=315.5194175
[(90, 89), (161, 160), (55, 75), (79, 78), (93, 94), (103, 102), (150, 149), (15, 14), (148, 147), (73, 76), (199, 197), (114, 113), (156, 91), (6, 5), (131, 132), (58, 57), (126, 127), (130, 129), (174, 172), (40, 42), (97, 98), (177, 176), (9, 10), (165, 164), (59, 56), (181, 180), (155, 153), (121, 122), (4, 2), (151, 152), (188, 189), (49, 50), (24, 48), (60, 61), (32, 31), (88, 87), (136, 135), (46, 45), (112, 111), (187, 185), (108, 110), (198, 166), (124, 123), (64, 65), (138, 137), (11, 8), (51, 52), (141, 144), (74, 72), (33, 34), (43, 39), (157, 154), (116, 115), (29, 28), (13, 16), (83, 84), (168, 169), (105, 106), (101, 100), (68, 67), (69, 23), (134, 133), (21, 20), (35, 47), (143, 142), (175, 192), (159, 158), (183, 182), (139, 140), (178, 179), (22, 19), (170, 167), (171, 173), (63, 62), (81, 82), (118, 117), (27, 30), (104, 99), (26, 184), (96, 95), (1, 0), (145, 146), (196, 17), (66, 44), (125, 77), (85, 86), (18, 12), (120, 119), (194, 80), (53, 54), (92, 25), (191, 195), (190, 186), (193, 128), (36, 37), (71, 70), (7, 3), (163, 162), (107, 109), (41, 38)]
fitness=596712.0,iteration=0,gap=358.3816005776706,delta=466534.0,timestamp=35.9214105
fitness=525632.0,iteration=1,gap=303.7794404584492,delta=395454.0,timestamp=59.4714616
fitness=449444.0,iteration=2,gap=245.2534222372444,delta=319266.0,timestamp=87.5468902
fitness=380696.0,iteration=3,gap=192.44265544101154,delta=250518.0,timestamp=117.9187057
fitness=298340.0,iteration=4,gap=129.17850942555577,delta=168162.0,timestamp=148.7809472
fitness=255610.0,iteration=5,gap=96.35422267971546,delta=125432.0,timestamp=178.8868125
fitness=186058.0,iteration=6,gap=42.92584000368726,delta=55880.0,timestamp=222.445004
fitness=150646.0,iteration=7,gap=15.723086850312647,delta=20468.0,timestamp=300.0200695
fitness=130496.0,iteration=8,gap=0.2442809076802532,delta=318.0,timestamp=315.5193725
