optimum=11758
execution_time=0.10428979999999999,start_time=0.8136776,stop_time=0.9179674
[(16, 17), (7, 5), (0, 1), (18, 12), (19, 13), (8, 9), (15, 14), (3, 2), (6, 4), (11, 10)]
fitness=11758,iteration=0,gap=0.0,delta=0,timestamp=0.9178902
