optimum=20892
execution_time=3.4876397,start_time=0.9323461,stop_time=4.4199858
[(7, 36), (19, 20), (28, 26), (35, 34), (17, 18), (4, 5), (39, 29), (31, 30), (24, 23), (11, 12), (1, 0), (13, 14), (25, 27), (8, 9), (32, 33), (3, 2), (38, 37), (16, 15), (22, 21), (10, 6)]
fitness=20892.0,iteration=0,gap=0.0,delta=0.0,timestamp=4.419943
