optimum=130178
execution_time=0.18813009999999863,start_time=16.4747999,stop_time=16.66293
[(2, 4), (84, 83), (93, 94), (105, 106), (122, 121), (70, 71), (101, 100), (36, 37), (41, 42), (138, 137), (21, 20), (72, 74), (40, 38), (163, 162), (8, 11), (169, 170), (145, 146), (80, 79), (161, 160), (28, 29), (158, 159), (50, 49), (143, 142), (96, 95), (22, 19), (15, 14), (97, 98), (151, 152), (51, 52), (107, 109), (59, 57), (120, 119), (183, 182), (55, 75), (63, 62), (135, 136), (0, 1), (9, 10), (81, 82), (90, 89), (23, 69), (27, 30), (73, 76), (6, 5), (126, 127), (31, 32), (139, 140), (132, 131), (43, 46), (134, 133), (111, 112), (45, 39), (178, 179), (68, 67), (172, 174), (34, 33), (124, 123), (141, 144), (154, 157), (191, 195), (186, 193), (7, 3), (153, 155), (177, 176), (114, 113), (165, 164), (129, 130), (64, 65), (110, 108), (115, 116), (118, 117), (185, 187), (149, 150), (103, 102), (87, 88), (86, 85), (147, 148), (167, 168), (104, 99), (180, 181), (16, 12), (194, 78), (13, 17), (199, 197), (56, 58), (92, 25), (35, 47), (166, 198), (156, 91), (61, 60), (48, 24), (173, 171), (128, 18), (192, 175), (77, 125), (190, 196), (66, 44), (188, 189), (26, 184), (54, 53)]
fitness=134640,iteration=0,gap=3.4276144970732383,delta=4462,timestamp=16.4906014
fitness=130194,iteration=1,gap=0.012290863279509593,delta=16,timestamp=16.6628972
