optimum=69731
execution_time=6.386117500000001,start_time=2.2798769,stop_time=8.6659944
[(47, 48), (64, 65), (15, 17), (77, 43), (86, 25), (42, 51), (5, 4), (32, 18), (12, 60), (67, 68), (34, 33), (73, 74), (39, 38), (31, 28), (58, 59), (19, 23), (41, 40), (21, 22), (10, 8), (13, 37), (70, 69), (50, 49), (54, 55), (35, 36), (75, 76), (27, 26), (14, 16), (80, 81), (1, 0), (3, 2), (84, 82), (53, 52), (57, 56), (11, 9), (61, 62), (89, 83), (63, 66), (79, 78), (85, 88), (46, 45), (24, 20), (6, 7), (30, 29), (72, 71), (87, 44)]
fitness=69731,iteration=0,gap=0.0,delta=0,timestamp=8.6658338
