optimum=104772
execution_time=0.04395759999999882,start_time=8.2204782,stop_time=8.2644358
[(143, 141), (40, 41), (114, 113), (80, 81), (120, 121), (60, 59), (117, 116), (118, 119), (72, 71), (101, 102), (19, 20), (134, 135), (82, 83), (93, 92), (21, 22), (85, 84), (32, 33), (52, 50), (3, 2), (76, 79), (126, 127), (68, 70), (90, 88), (51, 48), (44, 43), (73, 67), (28, 29), (96, 97), (26, 27), (9, 8), (0, 1), (77, 78), (99, 100), (95, 98), (107, 106), (104, 105), (147, 103), (110, 111), (53, 56), (18, 17), (61, 65), (46, 47), (75, 74), (63, 64), (142, 139), (57, 31), (91, 30), (7, 6), (86, 87), (108, 109), (38, 37), (128, 125), (131, 124), (13, 14), (10, 11), (42, 45), (23, 24), (136, 132), (5, 4), (35, 36), (49, 55), (122, 123), (112, 115), (62, 66), (94, 58), (39, 34), (15, 16), (148, 140), (133, 137), (138, 145), (130, 129), (25, 54), (146, 12), (149, 144), (89, 69)]
fitness=105824,iteration=0,gap=1.004085060894132,delta=1052,timestamp=8.2313298
fitness=104940,iteration=1,gap=0.16034818462948114,delta=168,timestamp=8.2643985
