optimum=11758
execution_time=0.4782299000000001,start_time=0.8882158,stop_time=1.3664457
[(4, 5), (9, 8), (10, 11), (17, 16), (0, 1), (14, 12), (2, 3), (18, 15), (13, 19), (6, 7)]
fitness=11758.0,iteration=0,gap=0.0,delta=0.0,timestamp=1.3664121
