optimum=104772
execution_time=245.2060693,start_time=7.6738863,stop_time=252.8799556
[(42, 45), (133, 137), (14, 15), (134, 135), (111, 115), (16, 25), (1, 0), (51, 52), (6, 7), (61, 65), (91, 30), (36, 35), (81, 80), (127, 126), (37, 38), (55, 53), (146, 54), (23, 24), (97, 98), (75, 74), (118, 119), (10, 11), (40, 41), (83, 82), (60, 59), (116, 117), (88, 90), (110, 112), (8, 9), (34, 39), (140, 148), (139, 142), (113, 114), (96, 95), (122, 123), (22, 21), (93, 92), (87, 86), (64, 63), (32, 33), (106, 107), (68, 69), (18, 17), (109, 108), (56, 49), (26, 27), (141, 143), (89, 70), (5, 4), (71, 72), (105, 104), (73, 67), (129, 130), (121, 120), (78, 77), (43, 44), (99, 100), (138, 145), (149, 144), (102, 101), (85, 84), (50, 48), (20, 19), (66, 62), (58, 94), (79, 76), (47, 46), (132, 136), (128, 125), (29, 28), (131, 124), (13, 12), (147, 103), (3, 2), (31, 57)]
fitness=416188.0,iteration=0,gap=297.2320849081816,delta=311416.0,timestamp=21.5534238
fitness=330328.0,iteration=1,gap=215.28270912075746,delta=225556.0,timestamp=39.0046257
fitness=259604.0,iteration=2,gap=147.77994120566564,delta=154832.0,timestamp=63.191104
fitness=184220.0,iteration=3,gap=75.8294200740656,delta=79448.0,timestamp=101.4883369
fitness=123050.0,iteration=4,gap=17.445500706295576,delta=18278.0,timestamp=157.3645961
fitness=104940.0,iteration=5,gap=0.16034818462948114,delta=168.0,timestamp=233.4710422
fitness=104900.0,iteration=8,gap=0.12217004543198565,delta=128.0,timestamp=249.8909991
fitness=104772.0,iteration=9,gap=0.0,delta=0.0,timestamp=252.8799001
