optimum=69731
execution_time=0.02972740000000007,start_time=2.3145917,stop_time=2.3443191
[(4, 6), (63, 62), (53, 52), (44, 43), (48, 47), (84, 82), (15, 17), (2, 3), (54, 55), (41, 40), (65, 64), (76, 75), (59, 58), (35, 36), (0, 1), (21, 22), (74, 73), (23, 19), (27, 26), (28, 29), (89, 83), (45, 46), (56, 57), (33, 34), (39, 38), (7, 5), (31, 30), (79, 78), (70, 69), (20, 24), (50, 49), (60, 61), (16, 14), (11, 9), (71, 72), (25, 86), (8, 87), (32, 18), (51, 42), (67, 68), (81, 80), (85, 66), (13, 37), (88, 77), (10, 12)]
fitness=71779,iteration=0,gap=2.937000760063673,delta=2048,timestamp=2.3209874
fitness=69747,iteration=1,gap=0.022945318437997447,delta=16,timestamp=2.3442907
