optimum=11758
execution_time=0.10078319999999996,start_time=0.6890621,stop_time=0.7898453
[(4, 5), (19, 13), (10, 11), (17, 16), (1, 0), (3, 2), (9, 8), (14, 12), (6, 7), (15, 18)]
fitness=11758,iteration=0,gap=0.0,delta=0,timestamp=0.7897721
