optimum=11758
execution_time=0.48968029999999996,start_time=0.7680195,stop_time=1.2576998
[(10, 11), (17, 16), (18, 12), (1, 0), (13, 19), (3, 2), (7, 5), (9, 8), (15, 14), (4, 6)]
fitness=11758.0,iteration=0,gap=0.0,delta=0.0,timestamp=1.2576649
