optimum=130178
execution_time=300.0250585,start_time=16.5563685,stop_time=316.581427
[(13, 17), (101, 102), (51, 52), (169, 170), (108, 110), (10, 9), (164, 165), (183, 182), (76, 73), (81, 82), (163, 162), (117, 118), (151, 152), (93, 94), (166, 198), (55, 54), (84, 83), (92, 194), (36, 37), (172, 173), (57, 58), (47, 79), (112, 111), (85, 191), (18, 86), (16, 12), (24, 25), (137, 49), (20, 21), (19, 22), (195, 190), (123, 121), (63, 62), (105, 106), (159, 158), (42, 41), (193, 187), (31, 186), (133, 131), (120, 119), (35, 64), (104, 103), (167, 168), (45, 43), (125, 126), (72, 74), (65, 66), (89, 87), (153, 91), (11, 8), (98, 97), (15, 14), (141, 144), (27, 30), (177, 176), (59, 56), (129, 130), (115, 116), (6, 5), (90, 88), (128, 127), (171, 174), (1, 0), (132, 134), (178, 179), (95, 96), (161, 160), (80, 78), (138, 124), (70, 71), (192, 188), (155, 156), (48, 50), (147, 148), (61, 3), (75, 175), (46, 38), (67, 68), (113, 114), (77, 53), (145, 146), (2, 4), (149, 150), (154, 157), (142, 143), (7, 180), (23, 60), (181, 189), (40, 39), (33, 34), (140, 139), (32, 122), (136, 135), (184, 29), (100, 99), (109, 107), (26, 28), (197, 199), (185, 196), (69, 44)]
fitness=181574,iteration=0,gap=39.4813255696047,delta=51396,timestamp=30.9503873
fitness=176162,iteration=1,gap=35.32394106531058,delta=45984,timestamp=45.7120064
fitness=171984,iteration=7,gap=32.11448939144863,delta=41806,timestamp=134.9297758
fitness=167142,iteration=17,gap=28.394966891487037,delta=36964,timestamp=282.1478283
