optimum=34198
execution_time=0.008430900000000019,start_time=1.0002262,stop_time=1.0086571
[(9, 5), (16, 17), (7, 8), (12, 13), (33, 32), (11, 10), (2, 3), (29, 28), (41, 40), (18, 19), (15, 14), (35, 34), (21, 47), (25, 22), (30, 31), (45, 43), (24, 23), (44, 49), (0, 1), (36, 38), (6, 4), (39, 37), (20, 27), (42, 46), (26, 48)]
fitness=35336,iteration=0,gap=3.327679981285455,delta=1138,timestamp=1.0038305
fitness=34198,iteration=1,gap=0.0,delta=0,timestamp=1.008644
