optimum=11758
execution_time=0.1011398,start_time=0.7412896,stop_time=0.8424294
[(4, 5), (7, 6), (19, 13), (9, 8), (14, 12), (3, 2), (17, 16), (0, 1), (15, 18), (10, 11)]
fitness=11758,iteration=0,gap=0.0,delta=0,timestamp=0.8423556
