optimum=42382
execution_time=0.008488500000000121,start_time=1.0707383,stop_time=1.0792268
[(3, 2), (51, 47), (14, 27), (49, 50), (11, 9), (29, 31), (19, 18), (25, 26), (39, 40), (20, 16), (33, 34), (17, 21), (30, 28), (10, 12), (4, 5), (57, 59), (36, 35), (23, 24), (44, 45), (53, 54), (1, 0), (38, 37), (6, 7), (46, 43), (15, 56), (58, 32), (55, 52), (41, 42), (48, 22), (13, 8)]
fitness=44666,iteration=0,gap=5.389080269925912,delta=2284,timestamp=1.0746064
fitness=42890,iteration=1,gap=1.198622056533434,delta=508,timestamp=1.07921
