optimum=34198
execution_time=5.246346,start_time=1.0267756,stop_time=6.2731216
[(28, 29), (25, 22), (5, 9), (19, 18), (43, 45), (23, 24), (6, 4), (8, 7), (37, 39), (46, 42), (31, 30), (16, 17), (44, 49), (0, 1), (32, 33), (41, 40), (2, 3), (11, 10), (48, 26), (20, 27), (13, 12), (35, 34), (21, 47), (14, 15), (38, 36)]
fitness=34198.0,iteration=0,gap=0.0,delta=0.0,timestamp=6.2730772
