optimum=130178
execution_time=300.0358448,start_time=17.0194196,stop_time=317.0552644
[(50, 49), (91, 197), (40, 41), (163, 162), (183, 182), (173, 171), (52, 51), (42, 38), (109, 107), (190, 196), (158, 159), (153, 149), (75, 55), (14, 15), (68, 67), (119, 120), (9, 10), (180, 181), (199, 166), (170, 169), (115, 47), (43, 45), (161, 160), (30, 29), (82, 81), (20, 21), (6, 5), (65, 64), (108, 110), (146, 145), (98, 194), (73, 72), (137, 138), (147, 148), (179, 178), (99, 124), (19, 22), (3, 4), (95, 96), (84, 83), (25, 24), (62, 63), (155, 156), (32, 192), (140, 139), (126, 127), (135, 136), (104, 103), (142, 143), (37, 36), (134, 187), (164, 165), (17, 13), (61, 59), (23, 184), (191, 31), (100, 101), (27, 28), (69, 66), (125, 77), (2, 1), (102, 94), (18, 128), (58, 56), (152, 195), (54, 53), (117, 118), (39, 46), (174, 172), (151, 150), (176, 177), (132, 131), (123, 122), (12, 16), (80, 79), (60, 57), (157, 154), (106, 105), (116, 111), (167, 168), (33, 34), (112, 114), (175, 188), (8, 11), (129, 130), (189, 86), (76, 71), (186, 185), (92, 97), (0, 44), (74, 70), (26, 35), (90, 89), (144, 141), (198, 48), (193, 7), (93, 121), (85, 133), (78, 113), (87, 88)]
fitness=193834,iteration=0,gap=48.899199557528924,delta=63656,timestamp=32.1915667
fitness=185990,iteration=1,gap=42.87360383474934,delta=55812,timestamp=46.4246659
fitness=182164,iteration=3,gap=39.934551153036615,delta=51986,timestamp=76.8041102
