optimum=69731
execution_time=6.298329400000001,start_time=2.3982436,stop_time=8.696573
[(2, 3), (58, 59), (21, 22), (38, 39), (27, 26), (19, 23), (12, 60), (40, 41), (28, 29), (5, 7), (9, 11), (50, 49), (47, 48), (67, 68), (80, 81), (76, 75), (66, 63), (82, 84), (65, 64), (6, 4), (1, 0), (79, 78), (42, 51), (15, 17), (18, 32), (55, 54), (13, 37), (33, 34), (10, 8), (74, 73), (44, 87), (70, 69), (71, 72), (56, 57), (20, 24), (36, 35), (62, 61), (53, 52), (86, 25), (30, 31), (88, 85), (45, 46), (14, 16), (89, 83), (43, 77)]
fitness=69731,iteration=0,gap=0.0,delta=0,timestamp=8.6964282
