optimum=47234
execution_time=0.008704100000000103,start_time=1.4516365,stop_time=1.4603406
[(31, 30), (8, 11), (40, 41), (25, 26), (48, 49), (67, 64), (38, 39), (45, 44), (1, 0), (58, 57), (62, 60), (6, 4), (17, 16), (22, 21), (43, 42), (2, 3), (55, 56), (23, 24), (35, 34), (7, 5), (14, 15), (9, 10), (13, 69), (29, 32), (46, 50), (19, 18), (51, 52), (28, 33), (36, 37), (59, 61), (65, 27), (53, 54), (20, 63), (66, 47), (68, 12)]
fitness=47252,iteration=0,gap=0.03810814243976796,delta=18,timestamp=1.4565777
fitness=47244,iteration=1,gap=0.021171190244315536,delta=10,timestamp=1.4603088
