optimum=34198
execution_time=0.010423199999999966,start_time=1.1341416,stop_time=1.1445648
[(12, 13), (18, 20), (9, 5), (25, 22), (43, 45), (32, 33), (41, 40), (17, 16), (8, 7), (34, 35), (2, 3), (14, 15), (10, 11), (31, 30), (19, 27), (29, 28), (24, 23), (0, 1), (44, 49), (36, 38), (37, 39), (4, 6), (21, 47), (42, 46), (26, 48)]
fitness=35336,iteration=0,gap=3.327679981285455,delta=1138,timestamp=1.1394107
fitness=34198,iteration=1,gap=0.0,delta=0,timestamp=1.1445423
