optimum=53538
execution_time=2.8798905,start_time=1.0357186,stop_time=3.9156091
[(25, 30), (34, 33), (66, 65), (42, 78), (4, 6), (69, 70), (1, 0), (11, 9), (32, 36), (20, 64), (59, 58), (16, 17), (35, 31), (27, 26), (15, 14), (41, 39), (61, 60), (2, 3), (46, 45), (43, 44), (22, 21), (8, 10), (75, 76), (24, 23), (63, 62), (37, 13), (53, 52), (48, 49), (55, 54), (68, 67), (77, 12), (29, 28), (50, 51), (56, 57), (38, 40), (79, 74), (19, 18), (71, 72), (47, 73), (7, 5)]
fitness=53538,iteration=0,gap=0.0,delta=0,timestamp=3.9154987
