optimum=104772
execution_time=300.8092062,start_time=8.2178986,stop_time=309.0271048
[(11, 10), (40, 41), (74, 75), (142, 131), (58, 94), (39, 34), (136, 132), (84, 85), (127, 126), (29, 28), (24, 23), (92, 93), (44, 43), (69, 70), (89, 68), (67, 73), (21, 22), (110, 112), (113, 114), (100, 99), (30, 91), (101, 102), (52, 51), (80, 81), (32, 33), (117, 116), (65, 61), (140, 148), (135, 134), (31, 57), (47, 46), (97, 96), (5, 4), (82, 83), (13, 14), (53, 56), (66, 62), (7, 6), (71, 72), (109, 111), (90, 88), (36, 35), (138, 145), (17, 18), (130, 128), (0, 1), (60, 59), (9, 8), (25, 139), (16, 15), (119, 118), (79, 76), (26, 27), (86, 87), (121, 120), (63, 64), (98, 95), (149, 144), (137, 133), (77, 78), (2, 3), (123, 122), (107, 106), (49, 55), (108, 124), (105, 104), (20, 19), (38, 37), (48, 50), (125, 129), (54, 146), (42, 115), (147, 103), (143, 141), (45, 12)]
fitness=123552,iteration=0,gap=17.924636353224145,delta=18780,timestamp=18.9559443
fitness=120042,iteration=1,gap=14.574504638643912,delta=15270,timestamp=30.014428
fitness=118098,iteration=2,gap=12.719047073645632,delta=13326,timestamp=41.0979275
fitness=113160,iteration=4,gap=8.00595578971481,delta=8388,timestamp=63.385997
fitness=109420,iteration=13,gap=4.436299774748979,delta=4648,timestamp=163.593951
fitness=107586,iteration=26,gap=2.6858320925438095,delta=2814,timestamp=307.3705923
