optimum=19032
execution_time=0.2847817,start_time=0.7243588,stop_time=1.0091405
[(23, 24), (28, 27), (16, 15), (25, 26), (6, 3), (9, 10), (12, 11), (20, 19), (14, 13), (7, 8), (5, 29), (0, 1), (17, 18), (22, 21), (4, 2)]
fitness=19032,iteration=0,gap=0.0,delta=0,timestamp=1.0090579
