optimum=42382
execution_time=12.6052745,start_time=1.2051332,stop_time=13.8104077
[(2, 3), (45, 44), (15, 14), (11, 9), (24, 23), (52, 55), (18, 19), (37, 38), (1, 0), (21, 16), (7, 4), (26, 25), (43, 46), (36, 35), (57, 59), (53, 54), (10, 12), (40, 39), (34, 33), (56, 22), (49, 50), (8, 13), (28, 30), (29, 31), (5, 6), (41, 42), (20, 17), (58, 27), (51, 47), (48, 32)]
fitness=50544.0,iteration=0,gap=19.258175640602143,delta=8162.0,timestamp=6.4312372
fitness=42382.0,iteration=1,gap=0.0,delta=0.0,timestamp=13.8103648
