optimum=47234
execution_time=0.007789400000000057,start_time=1.3263087,stop_time=1.3340981
[(1, 0), (46, 50), (25, 26), (30, 31), (22, 21), (67, 64), (15, 14), (39, 38), (8, 11), (4, 6), (9, 10), (40, 41), (16, 17), (45, 44), (51, 52), (57, 58), (37, 36), (49, 48), (35, 34), (3, 2), (5, 7), (23, 24), (54, 53), (43, 42), (55, 56), (62, 60), (69, 13), (18, 19), (32, 29), (33, 28), (61, 59), (27, 65), (20, 63), (66, 47), (68, 12)]
fitness=47252,iteration=0,gap=0.03810814243976796,delta=18,timestamp=1.3313654
fitness=47244,iteration=1,gap=0.021171190244315536,delta=10,timestamp=1.334082
