optimum=34198
execution_time=0.6990442,start_time=0.5951338,stop_time=1.294178
[(12, 13), (36, 38), (27, 20), (46, 45), (33, 32), (18, 19), (34, 35), (16, 17), (30, 31), (49, 44), (40, 41), (11, 5), (42, 43), (24, 23), (47, 21), (7, 8), (39, 37), (2, 3), (29, 28), (0, 1), (25, 22), (4, 6), (14, 15), (48, 26), (10, 9)]
fitness=34198,iteration=0,gap=0.0,delta=0,timestamp=1.2941127
