optimum=53538
execution_time=0.019626199999999816,start_time=1.6812461,stop_time=1.7008723
[(39, 41), (76, 75), (48, 49), (29, 28), (4, 6), (23, 24), (38, 40), (3, 2), (16, 17), (51, 50), (44, 43), (62, 63), (72, 71), (46, 45), (70, 69), (79, 74), (55, 54), (1, 0), (7, 5), (60, 61), (66, 65), (78, 25), (59, 58), (53, 52), (27, 26), (14, 18), (56, 57), (13, 37), (15, 19), (9, 11), (34, 33), (8, 10), (68, 67), (64, 20), (21, 22), (32, 36), (35, 31), (73, 30), (42, 47), (77, 12)]
fitness=55448,iteration=0,gap=3.567559490455378,delta=1910,timestamp=1.6867804
fitness=54408,iteration=1,gap=1.6250140087414549,delta=870,timestamp=1.7008395
