optimum=130178
execution_time=0.17489790000000127,start_time=16.9054626,stop_time=17.0803605
[(43, 46), (97, 98), (71, 70), (180, 181), (90, 89), (65, 64), (103, 102), (101, 100), (37, 36), (154, 157), (178, 179), (99, 104), (146, 145), (149, 150), (186, 193), (152, 151), (79, 78), (29, 30), (117, 118), (131, 132), (8, 11), (139, 140), (122, 121), (40, 41), (153, 155), (183, 182), (58, 59), (169, 170), (93, 94), (15, 14), (133, 134), (143, 142), (32, 31), (124, 123), (92, 25), (72, 74), (164, 165), (172, 174), (126, 127), (49, 50), (4, 2), (138, 137), (9, 10), (67, 68), (0, 1), (141, 144), (83, 84), (63, 62), (88, 87), (81, 82), (57, 56), (6, 5), (162, 163), (185, 187), (129, 130), (96, 95), (20, 21), (147, 148), (188, 189), (119, 120), (19, 22), (34, 33), (112, 111), (27, 28), (52, 51), (167, 168), (106, 105), (135, 136), (55, 75), (199, 197), (191, 195), (42, 38), (45, 39), (198, 166), (109, 107), (69, 23), (177, 176), (161, 160), (158, 159), (110, 108), (7, 3), (173, 171), (73, 76), (86, 85), (128, 18), (156, 91), (113, 114), (35, 47), (184, 26), (116, 115), (13, 17), (16, 12), (61, 60), (125, 77), (192, 175), (190, 196), (44, 66), (194, 80), (24, 48), (54, 53)]
fitness=134640,iteration=0,gap=3.4276144970732383,delta=4462,timestamp=16.9203264
fitness=130194,iteration=1,gap=0.012290863279509593,delta=16,timestamp=17.0803234
