optimum=83495
execution_time=33.868541699999994,start_time=1.6529852,stop_time=35.5215269
[(8, 7), (13, 81), (50, 51), (5, 6), (88, 74), (71, 69), (45, 44), (1, 0), (17, 16), (48, 49), (39, 40), (31, 32), (55, 99), (82, 86), (77, 79), (27, 28), (30, 29), (21, 22), (20, 19), (14, 15), (26, 2), (89, 90), (67, 65), (42, 43), (92, 98), (36, 35), (60, 95), (61, 62), (37, 38), (78, 80), (3, 4), (52, 53), (84, 85), (10, 11), (59, 58), (87, 83), (70, 72), (75, 76), (66, 68), (97, 41), (94, 96), (93, 91), (9, 12), (34, 33), (47, 46), (63, 64), (25, 24), (54, 73), (18, 23), (56, 57)]
fitness=226887.0,iteration=0,gap=171.737229774238,delta=143392.0,timestamp=5.6101027
fitness=130319.0,iteration=1,gap=56.08000479070603,delta=46824.0,timestamp=11.9597943
fitness=84655.0,iteration=2,gap=1.3893047487873524,delta=1160.0,timestamp=26.0814508
fitness=83495.0,iteration=3,gap=0.0,delta=0.0,timestamp=35.5214872
