optimum=53538
execution_time=0.0295141000000001,start_time=1.8018295,stop_time=1.8313436
[(14, 18), (48, 49), (29, 28), (69, 70), (75, 76), (51, 50), (60, 61), (16, 17), (26, 27), (43, 44), (53, 52), (21, 22), (5, 4), (15, 19), (33, 34), (62, 63), (74, 79), (55, 54), (35, 31), (71, 72), (58, 59), (65, 66), (3, 2), (47, 73), (23, 24), (32, 36), (9, 11), (41, 39), (57, 56), (1, 0), (68, 67), (7, 6), (10, 8), (40, 38), (25, 30), (78, 42), (20, 64), (13, 37), (46, 45), (77, 12)]
fitness=55448,iteration=0,gap=3.567559490455378,delta=1910,timestamp=1.8075803
fitness=53538,iteration=1,gap=0.0,delta=0,timestamp=1.8313082
