optimum=47234
execution_time=18.1614358,start_time=1.3736849,stop_time=19.5351207
[(58, 57), (49, 48), (33, 28), (18, 19), (24, 23), (3, 2), (6, 4), (53, 54), (36, 37), (45, 44), (31, 30), (5, 7), (42, 43), (38, 39), (67, 64), (46, 50), (52, 51), (1, 0), (29, 32), (8, 11), (62, 60), (56, 55), (59, 61), (16, 17), (35, 34), (68, 12), (69, 66), (9, 10), (14, 15), (13, 65), (47, 63), (40, 41), (27, 20), (21, 22), (26, 25)]
fitness=80552.0,iteration=0,gap=70.53817165601049,delta=33318.0,timestamp=6.582357
fitness=47234.0,iteration=1,gap=0.0,delta=0.0,timestamp=19.5350754
