optimum=34198
execution_time=0.00844250000000002,start_time=0.9064226,stop_time=0.9148651
[(40, 41), (2, 3), (29, 28), (13, 12), (43, 45), (14, 15), (20, 18), (25, 22), (30, 31), (8, 7), (17, 16), (5, 9), (35, 34), (19, 27), (11, 10), (24, 23), (42, 46), (32, 33), (36, 38), (0, 1), (4, 6), (39, 37), (21, 47), (44, 49), (26, 48)]
fitness=35336,iteration=0,gap=3.327679981285455,delta=1138,timestamp=0.9097938
fitness=34198,iteration=1,gap=0.0,delta=0,timestamp=0.9148453
