optimum=104772
execution_time=0.05437639999999977,start_time=7.4929927,stop_time=7.5473691
[(106, 107), (55, 53), (9, 8), (44, 43), (143, 141), (105, 104), (63, 64), (97, 96), (111, 112), (117, 116), (0, 1), (98, 95), (18, 17), (50, 51), (48, 52), (78, 77), (90, 88), (29, 28), (83, 82), (84, 85), (19, 20), (32, 33), (101, 102), (72, 71), (86, 87), (108, 109), (46, 47), (70, 68), (81, 80), (2, 3), (134, 135), (56, 49), (60, 59), (31, 57), (93, 92), (35, 36), (99, 100), (65, 61), (38, 37), (24, 23), (13, 14), (122, 123), (62, 66), (126, 127), (121, 120), (40, 41), (34, 39), (79, 76), (7, 6), (103, 147), (118, 119), (74, 75), (67, 73), (94, 58), (114, 113), (26, 27), (10, 11), (133, 137), (91, 30), (125, 128), (139, 142), (131, 124), (16, 15), (45, 42), (115, 110), (4, 5), (136, 132), (145, 138), (21, 22), (140, 148), (25, 54), (129, 130), (12, 146), (149, 144), (89, 69)]
fitness=105824,iteration=0,gap=1.004085060894132,delta=1052,timestamp=7.5048097
fitness=104940,iteration=1,gap=0.16034818462948114,delta=168,timestamp=7.5473313
