optimum=69731
execution_time=23.858035400000002,start_time=1.3103746,stop_time=25.16841
[(62, 61), (3, 2), (52, 53), (22, 21), (38, 39), (87, 44), (83, 89), (80, 81), (26, 27), (86, 25), (76, 75), (79, 78), (28, 29), (24, 20), (48, 47), (59, 58), (8, 10), (57, 56), (40, 41), (35, 36), (64, 65), (71, 72), (85, 88), (55, 54), (11, 9), (6, 5), (60, 12), (17, 15), (14, 16), (69, 70), (33, 34), (43, 77), (1, 0), (50, 49), (18, 32), (37, 13), (30, 31), (73, 74), (68, 67), (51, 42), (23, 19), (84, 82), (63, 66), (46, 45), (7, 4)]
fitness=181461.0,iteration=0,gap=160.23002681734093,delta=111730.0,timestamp=5.0925317
fitness=90477.0,iteration=1,gap=29.75147351966844,delta=20746.0,timestamp=11.5023766
fitness=69731.0,iteration=2,gap=0.0,delta=0.0,timestamp=25.168376
