optimum=20892
execution_time=0.6105362999999999,start_time=0.9399222,stop_time=1.5504585
[(15, 16), (37, 38), (22, 21), (35, 7), (11, 6), (32, 33), (1, 0), (27, 26), (25, 28), (14, 13), (30, 31), (19, 20), (24, 23), (17, 18), (36, 34), (8, 9), (5, 4), (39, 29), (12, 10), (3, 2)]
fitness=20892,iteration=0,gap=0.0,delta=0,timestamp=1.550369
