optimum=20892
execution_time=0.5921683000000001,start_time=0.8413159,stop_time=1.4334842
[(38, 37), (10, 6), (3, 2), (11, 12), (18, 17), (23, 24), (16, 15), (8, 9), (31, 30), (14, 13), (25, 26), (36, 35), (22, 21), (4, 5), (0, 1), (20, 19), (28, 27), (33, 32), (7, 34), (39, 29)]
fitness=20892,iteration=0,gap=0.0,delta=0,timestamp=1.4333981
