optimum=20892
execution_time=0.00403639999999994,start_time=0.9781997,stop_time=0.9822361
[(5, 38), (33, 32), (10, 6), (35, 34), (26, 28), (13, 14), (18, 17), (16, 15), (9, 8), (25, 27), (30, 31), (0, 1), (37, 36), (19, 20), (22, 21), (23, 24), (12, 11), (2, 3), (4, 7), (29, 39)]
fitness=22066,iteration=0,gap=5.619375837641202,delta=1174,timestamp=0.9806587
fitness=21164,iteration=1,gap=1.3019337545471952,delta=272,timestamp=0.9822215
