optimum=34198
execution_time=1.2407664,start_time=0.9541971,stop_time=2.1949635
[(11, 5), (24, 23), (30, 31), (14, 15), (35, 34), (42, 43), (46, 45), (27, 19), (22, 25), (33, 32), (36, 38), (17, 16), (9, 10), (2, 3), (8, 7), (37, 39), (6, 4), (41, 40), (1, 0), (12, 13), (44, 49), (20, 18), (26, 48), (47, 21), (29, 28)]
fitness=34198,iteration=0,gap=0.0,delta=0,timestamp=2.1948742
