optimum=104772
execution_time=300.0207774,start_time=8.2291846,stop_time=308.249962
[(5, 4), (35, 36), (119, 118), (79, 76), (78, 77), (7, 6), (20, 19), (65, 61), (122, 123), (1, 0), (13, 14), (106, 107), (88, 90), (2, 3), (24, 23), (120, 121), (104, 105), (128, 127), (72, 71), (111, 110), (81, 80), (99, 100), (37, 38), (134, 135), (116, 117), (59, 60), (92, 93), (95, 98), (41, 40), (73, 67), (22, 21), (85, 84), (69, 68), (66, 62), (48, 50), (15, 16), (46, 47), (56, 55), (101, 102), (96, 97), (83, 82), (145, 142), (148, 146), (113, 114), (8, 9), (53, 49), (74, 75), (10, 11), (54, 45), (52, 51), (133, 137), (64, 63), (33, 32), (43, 44), (132, 136), (109, 108), (126, 125), (29, 26), (130, 12), (115, 112), (129, 42), (27, 28), (147, 139), (131, 140), (141, 138), (31, 57), (18, 17), (25, 143), (87, 86), (39, 34), (94, 58), (144, 149), (91, 30), (103, 124), (89, 70)]
fitness=121830,iteration=0,gap=16.28106746077196,delta=17058,timestamp=18.3010457
fitness=119986,iteration=1,gap=14.52105524376742,delta=15214,timestamp=29.3795024
fitness=118130,iteration=3,gap=12.749589585003626,delta=13358,timestamp=50.8068248
fitness=115974,iteration=6,gap=10.69178788225862,delta=11202,timestamp=83.2520777
fitness=107764,iteration=12,gap=2.8557248119726646,delta=2992,timestamp=149.0550234
fitness=106670,iteration=13,gap=1.811552704921162,delta=1898,timestamp=160.1407856
