optimum=47234
execution_time=18.5409757,start_time=1.4989267,stop_time=20.0399024
[(50, 46), (16, 17), (41, 40), (62, 60), (34, 35), (30, 31), (19, 18), (22, 21), (48, 49), (52, 51), (3, 2), (15, 14), (42, 43), (29, 32), (38, 39), (25, 26), (11, 8), (10, 9), (4, 5), (55, 56), (64, 67), (63, 47), (61, 59), (37, 36), (44, 45), (58, 57), (1, 0), (7, 6), (27, 20), (65, 13), (69, 66), (23, 24), (33, 28), (68, 12), (53, 54)]
fitness=68438.0,iteration=0,gap=44.89139179404666,delta=21204.0,timestamp=6.9959552
fitness=47234.0,iteration=1,gap=0.0,delta=0.0,timestamp=20.0398592
