optimum=19032
execution_time=1.5599934000000002,start_time=0.8967229,stop_time=2.4567163
[(0, 1), (14, 12), (28, 27), (24, 26), (7, 8), (19, 20), (17, 18), (6, 2), (3, 4), (22, 21), (10, 9), (11, 13), (25, 23), (16, 15), (5, 29)]
fitness=19032.0,iteration=0,gap=0.0,delta=0.0,timestamp=2.4566804
