optimum=20892
execution_time=0.003470799999999996,start_time=0.7702206,stop_time=0.7736914
[(2, 3), (17, 18), (33, 32), (9, 8), (35, 34), (16, 15), (4, 7), (28, 26), (27, 25), (14, 13), (19, 20), (0, 1), (10, 6), (31, 30), (22, 21), (12, 11), (36, 37), (24, 23), (5, 38), (29, 39)]
fitness=22066,iteration=0,gap=5.619375837641202,delta=1174,timestamp=0.7723215
fitness=21164,iteration=1,gap=1.3019337545471952,delta=272,timestamp=0.7736764
