optimum=42382
execution_time=2.2036153,start_time=1.1662614,stop_time=3.3698767
[(6, 5), (33, 34), (54, 53), (9, 11), (46, 43), (30, 29), (22, 56), (25, 26), (44, 45), (13, 8), (42, 41), (49, 50), (27, 58), (4, 7), (1, 0), (35, 36), (28, 31), (32, 48), (51, 47), (3, 2), (39, 40), (21, 16), (18, 19), (15, 14), (57, 59), (17, 20), (37, 38), (23, 24), (12, 10), (55, 52)]
fitness=42382,iteration=0,gap=0.0,delta=0,timestamp=3.3697928
