optimum=69731
execution_time=5.8636592,start_time=2.3395661,stop_time=8.2032253
[(83, 89), (10, 8), (65, 64), (0, 1), (6, 5), (27, 26), (38, 39), (21, 22), (42, 51), (28, 29), (20, 24), (82, 84), (71, 72), (70, 69), (25, 86), (14, 17), (3, 2), (81, 80), (44, 87), (36, 35), (30, 31), (49, 50), (68, 67), (59, 58), (15, 16), (62, 61), (19, 23), (47, 48), (37, 13), (7, 4), (46, 45), (12, 60), (34, 33), (78, 79), (41, 40), (11, 9), (52, 53), (56, 57), (75, 76), (88, 85), (18, 32), (74, 73), (66, 63), (43, 77), (54, 55)]
fitness=69731,iteration=0,gap=0.0,delta=0,timestamp=8.203074
