optimum=19032
execution_time=0.2756461000000001,start_time=0.7502289,stop_time=1.025875
[(12, 11), (26, 24), (5, 29), (25, 23), (9, 10), (18, 17), (3, 4), (21, 22), (7, 8), (13, 14), (19, 20), (6, 2), (0, 1), (15, 16), (27, 28)]
fitness=19032,iteration=0,gap=0.0,delta=0,timestamp=1.0257863
