optimum=53538
execution_time=0.01945170000000007,start_time=1.7268994,stop_time=1.7463511
[(60, 61), (46, 45), (53, 52), (26, 27), (11, 9), (0, 1), (41, 39), (50, 51), (55, 54), (6, 5), (3, 2), (44, 43), (17, 16), (14, 18), (70, 69), (34, 33), (8, 10), (72, 71), (62, 63), (7, 4), (29, 28), (49, 48), (23, 24), (15, 19), (66, 65), (35, 31), (40, 38), (76, 75), (59, 58), (74, 79), (57, 56), (67, 68), (21, 22), (42, 47), (73, 30), (20, 64), (32, 36), (13, 37), (78, 25), (77, 12)]
fitness=55448,iteration=0,gap=3.567559490455378,delta=1910,timestamp=1.7316412
fitness=54408,iteration=1,gap=1.6250140087414549,delta=870,timestamp=1.7463236
