optimum=19032
execution_time=0.2791505999999999,start_time=0.724205,stop_time=1.0033556
[(3, 6), (29, 5), (18, 17), (9, 10), (16, 15), (0, 1), (12, 11), (8, 7), (4, 2), (19, 20), (28, 27), (26, 24), (25, 23), (22, 21), (13, 14)]
fitness=19032,iteration=0,gap=0.0,delta=0,timestamp=1.0032725
