optimum=47234
execution_time=3.1894963000000005,start_time=1.4820238,stop_time=4.6715201
[(43, 42), (28, 33), (6, 4), (23, 24), (41, 40), (55, 56), (59, 60), (17, 16), (64, 67), (22, 21), (9, 10), (39, 38), (31, 30), (25, 26), (12, 68), (0, 1), (32, 29), (18, 19), (50, 46), (15, 14), (20, 27), (49, 48), (35, 34), (57, 58), (52, 51), (37, 36), (13, 65), (11, 8), (62, 61), (47, 63), (3, 2), (66, 69), (44, 45), (54, 53), (7, 5)]
fitness=47234,iteration=0,gap=0.0,delta=0,timestamp=4.6713953
