optimum=104772
execution_time=225.94234899999998,start_time=8.0963489,stop_time=234.0386979
[(124, 131), (75, 74), (90, 88), (116, 117), (27, 26), (112, 110), (29, 28), (139, 142), (125, 127), (37, 38), (92, 93), (60, 59), (129, 130), (140, 148), (138, 145), (15, 14), (94, 58), (114, 113), (24, 23), (82, 83), (39, 34), (111, 115), (65, 61), (70, 69), (106, 107), (85, 84), (135, 134), (53, 56), (48, 52), (98, 97), (33, 32), (17, 18), (71, 72), (105, 104), (36, 35), (57, 31), (96, 95), (10, 11), (108, 109), (126, 128), (2, 3), (132, 136), (137, 133), (78, 77), (103, 147), (68, 89), (120, 121), (100, 99), (40, 41), (146, 54), (47, 46), (22, 21), (66, 62), (12, 13), (143, 141), (101, 102), (149, 144), (9, 8), (86, 87), (5, 4), (91, 30), (123, 122), (19, 20), (63, 64), (79, 76), (7, 6), (43, 44), (73, 67), (25, 16), (0, 1), (80, 81), (49, 55), (42, 45), (50, 51), (119, 118)]
fitness=418010.0,iteration=0,gap=298.9710991486275,delta=313238.0,timestamp=21.8980487
fitness=320780.0,iteration=1,gap=206.16958729431528,delta=216008.0,timestamp=38.9595259
fitness=261152.0,iteration=2,gap=149.2574351926087,delta=156380.0,timestamp=60.7263297
fitness=178716.0,iteration=3,gap=70.5761081204902,delta=73944.0,timestamp=90.3695193
fitness=126020.0,iteration=4,gap=20.280227541709618,delta=21248.0,timestamp=137.8566141
fitness=105284.0,iteration=5,gap=0.4886801817279426,delta=512.0,timestamp=215.6717898
fitness=104900.0,iteration=6,gap=0.12217004543198565,delta=128.0,timestamp=228.9287695
fitness=104772.0,iteration=7,gap=0.0,delta=0.0,timestamp=234.0386417
