optimum=53538
execution_time=17.7833309,start_time=1.8892317,stop_time=19.6725626
[(29, 28), (1, 0), (55, 54), (69, 70), (44, 43), (24, 23), (68, 67), (49, 48), (63, 62), (19, 15), (34, 33), (5, 6), (37, 13), (9, 11), (47, 73), (36, 32), (76, 75), (64, 20), (4, 7), (14, 18), (26, 27), (35, 31), (50, 51), (16, 17), (10, 8), (77, 12), (53, 52), (57, 56), (41, 39), (46, 45), (71, 72), (25, 30), (2, 3), (21, 22), (59, 58), (38, 40), (74, 79), (65, 66), (42, 78), (60, 61)]
fitness=121590.0,iteration=0,gap=127.10971646307297,delta=68052.0,timestamp=7.6346818
fitness=53538.0,iteration=1,gap=0.0,delta=0.0,timestamp=19.672519
