optimum=83495
execution_time=28.1878546,start_time=2.9678774,stop_time=31.155732
[(31, 32), (6, 5), (70, 72), (77, 79), (10, 9), (2, 26), (7, 8), (30, 29), (16, 17), (61, 62), (51, 50), (74, 88), (53, 52), (24, 25), (14, 15), (96, 94), (54, 73), (43, 42), (28, 27), (35, 36), (21, 22), (46, 47), (49, 48), (87, 83), (64, 63), (59, 58), (93, 91), (12, 11), (33, 34), (69, 71), (44, 45), (66, 65), (40, 39), (76, 75), (89, 90), (4, 3), (38, 37), (85, 84), (0, 1), (92, 98), (41, 97), (82, 86), (57, 56), (18, 23), (68, 67), (99, 55), (19, 20), (13, 81), (78, 80), (60, 95)]
fitness=84165,iteration=0,gap=0.8024432600754536,delta=670,timestamp=9.8969289
fitness=83881,iteration=1,gap=0.46230313192406736,delta=386,timestamp=16.902547
fitness=83495,iteration=3,gap=0.0,delta=0,timestamp=31.1554894
