optimum=19032
execution_time=0.2855158,start_time=0.8064171,stop_time=1.0919329
[(3, 2), (17, 18), (14, 13), (19, 20), (23, 25), (21, 22), (12, 11), (9, 10), (28, 27), (7, 8), (6, 4), (1, 0), (15, 16), (24, 26), (5, 29)]
fitness=19032,iteration=0,gap=0.0,delta=0,timestamp=1.0918481
