optimum=34198
execution_time=1.2909373,start_time=0.9357554,stop_time=2.2266927
[(11, 10), (30, 31), (7, 8), (21, 47), (25, 22), (23, 24), (46, 42), (12, 13), (35, 34), (49, 44), (43, 45), (33, 32), (37, 39), (36, 38), (2, 3), (16, 17), (48, 26), (5, 9), (0, 1), (4, 6), (18, 27), (41, 40), (19, 20), (29, 28), (14, 15)]
fitness=34198,iteration=0,gap=0.0,delta=0,timestamp=2.2266061
