optimum=1994
execution_time=0.10618110000000003,start_time=0.7610484,stop_time=0.8672295
[(2, 3), (4, 5), (0, 1), (8, 9), (6, 7)]
fitness=1994.0,iteration=0,gap=0.0,delta=0.0,timestamp=0.8671977
