optimum=20892
execution_time=0.6049414999999999,start_time=0.8613185,stop_time=1.46626
[(11, 12), (36, 35), (32, 33), (26, 28), (17, 18), (37, 38), (6, 10), (3, 2), (25, 27), (7, 34), (8, 9), (21, 22), (0, 1), (23, 24), (15, 16), (13, 14), (4, 5), (19, 20), (30, 31), (29, 39)]
fitness=20892,iteration=0,gap=0.0,delta=0,timestamp=1.4661661
