optimum=69731
execution_time=3.6047256,start_time=1.2578201,stop_time=4.8625457
[(60, 12), (64, 65), (50, 49), (17, 15), (57, 56), (24, 20), (41, 40), (74, 73), (21, 22), (55, 54), (89, 83), (28, 29), (16, 14), (52, 53), (38, 39), (51, 42), (45, 46), (4, 5), (70, 69), (1, 0), (77, 43), (6, 7), (27, 26), (31, 30), (11, 9), (33, 34), (19, 23), (81, 80), (10, 8), (85, 88), (32, 18), (71, 72), (86, 25), (3, 2), (37, 13), (79, 78), (62, 61), (63, 66), (84, 82), (68, 67), (35, 36), (75, 76), (47, 48), (87, 44), (58, 59)]
fitness=69731,iteration=0,gap=0.0,delta=0,timestamp=4.8624417
