optimum=69731
execution_time=43.3722931,start_time=2.6392054,stop_time=46.0114985
[(7, 4), (81, 80), (41, 40), (52, 53), (45, 46), (64, 65), (62, 61), (21, 22), (30, 31), (49, 50), (36, 35), (18, 32), (87, 44), (58, 59), (71, 72), (76, 75), (9, 11), (67, 68), (23, 19), (83, 89), (1, 0), (15, 17), (88, 85), (14, 16), (66, 63), (78, 79), (34, 33), (48, 47), (70, 69), (51, 42), (43, 77), (54, 55), (28, 29), (37, 13), (38, 39), (24, 20), (84, 82), (10, 8), (27, 26), (5, 6), (25, 86), (2, 3), (57, 56), (74, 73), (60, 12)]
fitness=178981.0,iteration=0,gap=156.67350245945133,delta=109250.0,timestamp=9.3181918
fitness=94013.0,iteration=1,gap=34.82238889446588,delta=24282.0,timestamp=21.0464301
fitness=69731.0,iteration=2,gap=0.0,delta=0.0,timestamp=46.0114546
