optimum=104772
execution_time=187.882202,start_time=7.7347575,stop_time=195.6169595
[(114, 113), (49, 55), (67, 73), (38, 37), (147, 103), (56, 53), (145, 138), (25, 16), (4, 5), (29, 28), (85, 84), (94, 58), (57, 31), (14, 15), (143, 141), (96, 98), (11, 10), (134, 135), (107, 106), (72, 71), (132, 136), (8, 9), (30, 91), (41, 40), (69, 68), (81, 80), (36, 35), (127, 126), (104, 105), (23, 24), (66, 62), (122, 123), (125, 128), (109, 108), (44, 43), (139, 142), (64, 63), (120, 121), (110, 111), (82, 83), (99, 100), (19, 20), (45, 42), (17, 18), (70, 89), (97, 95), (86, 87), (0, 1), (124, 131), (13, 12), (51, 52), (117, 116), (50, 48), (90, 88), (59, 60), (140, 148), (32, 33), (21, 22), (27, 26), (79, 76), (101, 102), (93, 92), (3, 2), (39, 34), (75, 74), (6, 7), (133, 137), (146, 54), (119, 118), (61, 65), (149, 144), (115, 112), (129, 130), (78, 77), (46, 47)]
fitness=418322.0,iteration=0,gap=299.26888863436795,delta=313550.0,timestamp=20.9767868
fitness=320638.0,iteration=1,gap=206.03405490016416,delta=215866.0,timestamp=37.8796554
fitness=214714.0,iteration=2,gap=104.93452449127629,delta=109942.0,timestamp=59.2693069
fitness=146640.0,iteration=3,gap=39.96105829801856,delta=41868.0,timestamp=90.6588451
fitness=105296.0,iteration=4,gap=0.5001336234871913,delta=524.0,timestamp=138.9705699
fitness=104900.0,iteration=5,gap=0.12217004543198565,delta=128.0,timestamp=189.0648737
fitness=104772.0,iteration=6,gap=0.0,delta=0.0,timestamp=195.6169162
