optimum=20892
execution_time=3.4954161999999998,start_time=0.8949778,stop_time=4.390394
[(4, 5), (20, 19), (13, 14), (37, 38), (31, 30), (17, 18), (25, 27), (0, 1), (24, 23), (11, 10), (34, 35), (33, 32), (15, 16), (21, 22), (2, 3), (6, 12), (36, 7), (29, 39), (8, 9), (26, 28)]
fitness=20892.0,iteration=0,gap=0.0,delta=0.0,timestamp=4.39035
