optimum=19032
execution_time=1.5021456,start_time=0.7742608,stop_time=2.2764064
[(26, 24), (16, 15), (18, 17), (19, 20), (28, 27), (10, 9), (0, 1), (21, 22), (13, 11), (23, 25), (6, 2), (4, 3), (14, 12), (8, 7), (29, 5)]
fitness=19032.0,iteration=0,gap=0.0,delta=0.0,timestamp=2.2763632
