optimum=83495
execution_time=62.448288899999994,start_time=2.934814,stop_time=65.3831029
[(68, 67), (62, 61), (55, 99), (78, 80), (23, 18), (87, 83), (52, 53), (35, 36), (0, 1), (71, 69), (32, 31), (8, 7), (25, 24), (15, 14), (10, 9), (20, 19), (43, 42), (34, 33), (58, 59), (85, 84), (5, 6), (56, 57), (93, 91), (60, 95), (65, 66), (89, 90), (63, 64), (48, 49), (77, 79), (74, 88), (27, 28), (39, 40), (3, 4), (17, 16), (75, 76), (50, 51), (44, 45), (37, 38), (46, 47), (11, 12), (97, 41), (54, 73), (29, 30), (2, 26), (81, 13), (92, 98), (70, 72), (94, 96), (82, 86), (21, 22)]
fitness=209663.0,iteration=0,gap=151.10844960776095,delta=126168.0,timestamp=9.904049
fitness=123617.0,iteration=1,gap=48.053176836936345,delta=40122.0,timestamp=22.1150241
fitness=87601.0,iteration=2,gap=4.917659740104198,delta=4106.0,timestamp=46.4011538
fitness=83537.0,iteration=3,gap=0.050302413318162764,delta=42.0,timestamp=63.3694432
fitness=83495.0,iteration=4,gap=0.0,delta=0.0,timestamp=65.3830514
