optimum=34198
execution_time=4.6072335,start_time=1.1972995,stop_time=5.804533
[(46, 42), (26, 48), (19, 20), (11, 5), (33, 32), (8, 7), (38, 36), (47, 21), (14, 15), (6, 4), (12, 13), (1, 0), (3, 2), (9, 10), (30, 31), (24, 23), (45, 43), (25, 22), (28, 29), (18, 16), (35, 34), (41, 40), (44, 49), (27, 17), (39, 37)]
fitness=34198.0,iteration=0,gap=0.0,delta=0.0,timestamp=5.8044891
