optimum=104772
execution_time=300.0276356,start_time=8.3540258,stop_time=308.3816614
[(108, 109), (5, 4), (27, 26), (113, 114), (72, 71), (125, 128), (104, 105), (64, 63), (135, 134), (101, 102), (96, 98), (44, 43), (0, 1), (29, 28), (20, 19), (88, 89), (80, 81), (122, 123), (23, 24), (119, 118), (139, 147), (57, 31), (61, 65), (51, 50), (90, 91), (70, 68), (32, 33), (106, 107), (66, 62), (126, 127), (13, 12), (10, 11), (2, 3), (42, 45), (82, 83), (100, 99), (53, 55), (38, 37), (149, 94), (132, 136), (67, 69), (79, 76), (78, 77), (86, 87), (49, 56), (14, 15), (59, 60), (16, 25), (140, 146), (143, 138), (48, 52), (34, 39), (117, 116), (9, 8), (115, 110), (30, 144), (111, 112), (137, 133), (95, 97), (41, 40), (36, 35), (6, 7), (124, 120), (129, 130), (142, 145), (47, 58), (121, 141), (46, 54), (75, 74), (84, 85), (73, 148), (21, 22), (17, 18), (131, 103), (93, 92)]
fitness=118500,iteration=0,gap=13.102737372580462,delta=13728,timestamp=19.2201551
fitness=118400,iteration=7,gap=13.007292024586722,delta=13628,timestamp=95.1739804
fitness=111788,iteration=8,gap=6.696445615240713,delta=7016,timestamp=106.1681158
fitness=111712,iteration=24,gap=6.623907150765472,delta=6940,timestamp=283.9469869
