optimum=53538
execution_time=0.016277899999999956,start_time=1.0848977,stop_time=1.1011756
[(28, 29), (66, 65), (50, 51), (76, 75), (0, 1), (11, 9), (72, 71), (2, 3), (47, 73), (17, 16), (33, 34), (70, 69), (14, 18), (41, 39), (32, 36), (27, 26), (21, 22), (23, 24), (15, 19), (6, 5), (43, 44), (67, 68), (52, 53), (48, 49), (62, 63), (54, 55), (4, 7), (38, 40), (35, 31), (58, 59), (79, 74), (60, 61), (30, 25), (42, 78), (8, 10), (13, 37), (57, 56), (64, 20), (46, 45), (77, 12)]
fitness=55448,iteration=0,gap=3.567559490455378,delta=1910,timestamp=1.0877693
fitness=53538,iteration=1,gap=0.0,delta=0,timestamp=1.101161
