optimum=69731
execution_time=0.03175740000000005,start_time=2.24952,stop_time=2.2812774
[(47, 48), (61, 60), (78, 79), (80, 81), (69, 70), (62, 63), (2, 3), (44, 43), (22, 21), (55, 54), (57, 56), (15, 17), (26, 27), (53, 52), (39, 38), (71, 72), (5, 6), (58, 59), (84, 82), (1, 0), (45, 46), (83, 89), (7, 4), (75, 76), (50, 49), (65, 64), (41, 40), (11, 9), (35, 36), (33, 34), (28, 29), (67, 68), (31, 30), (73, 74), (23, 19), (14, 16), (8, 87), (20, 24), (86, 25), (18, 32), (51, 42), (13, 37), (85, 66), (88, 77), (10, 12)]
fitness=71779,iteration=0,gap=2.937000760063673,delta=2048,timestamp=2.2556594
fitness=69747,iteration=1,gap=0.022945318437997447,delta=16,timestamp=2.2812432
