optimum=11758
execution_time=0.09815509999999994,start_time=0.8671275,stop_time=0.9652826
[(0, 1), (3, 2), (9, 8), (7, 4), (6, 5), (19, 13), (18, 14), (17, 16), (15, 12), (10, 11)]
fitness=11758,iteration=0,gap=0.0,delta=0,timestamp=0.9652018
