optimum=47234
execution_time=3.3520304,start_time=1.3531124,stop_time=4.7051428
[(26, 25), (47, 63), (41, 40), (31, 30), (53, 54), (32, 29), (58, 57), (28, 33), (38, 39), (60, 62), (44, 45), (12, 68), (6, 4), (18, 19), (35, 34), (17, 16), (37, 36), (49, 48), (55, 56), (65, 13), (3, 2), (59, 61), (7, 5), (21, 22), (50, 46), (52, 51), (67, 64), (66, 69), (1, 0), (8, 11), (14, 15), (10, 9), (24, 23), (27, 20), (43, 42)]
fitness=47234,iteration=0,gap=0.0,delta=0,timestamp=4.7050235
