optimum=19032
execution_time=1.4834749,start_time=0.8098955,stop_time=2.2933704
[(9, 10), (26, 24), (3, 6), (19, 20), (21, 22), (23, 25), (29, 5), (12, 13), (14, 11), (8, 7), (18, 17), (0, 1), (16, 15), (28, 27), (2, 4)]
fitness=19032.0,iteration=0,gap=0.0,delta=0.0,timestamp=2.2933275
