optimum=42382
execution_time=2.0702178,start_time=1.1967855,stop_time=3.2670033
[(45, 44), (23, 24), (46, 43), (38, 37), (17, 16), (33, 34), (58, 27), (8, 13), (41, 42), (26, 25), (12, 10), (9, 11), (1, 0), (59, 57), (29, 31), (50, 49), (40, 39), (55, 52), (51, 47), (7, 4), (35, 36), (19, 18), (6, 5), (21, 20), (28, 30), (2, 3), (54, 53), (32, 48), (56, 22), (15, 14)]
fitness=42382,iteration=0,gap=0.0,delta=0,timestamp=3.2669137
