optimum=20892
execution_time=0.5925246,start_time=1.2350705,stop_time=1.8275951
[(15, 16), (24, 23), (34, 36), (19, 20), (29, 39), (37, 38), (28, 26), (14, 13), (5, 4), (10, 6), (21, 22), (18, 17), (33, 32), (0, 1), (2, 3), (30, 31), (8, 9), (35, 7), (11, 12), (25, 27)]
fitness=20892,iteration=0,gap=0.0,delta=0,timestamp=1.8275066
