optimum=47234
execution_time=13.7205852,start_time=1.1908802,stop_time=14.9114654
[(66, 69), (10, 9), (37, 36), (14, 15), (44, 45), (49, 48), (18, 17), (3, 2), (30, 31), (5, 4), (22, 21), (46, 50), (19, 16), (55, 56), (26, 25), (40, 41), (7, 6), (38, 39), (54, 53), (32, 29), (23, 24), (34, 35), (61, 62), (67, 64), (43, 42), (0, 1), (59, 60), (52, 51), (28, 33), (68, 12), (57, 58), (65, 13), (47, 63), (11, 8), (27, 20)]
fitness=85722.0,iteration=0,gap=81.48367701232164,delta=38488.0,timestamp=5.3749264
fitness=47234.0,iteration=1,gap=0.0,delta=0.0,timestamp=14.9114292
