optimum=104772
execution_time=0.04193509999999989,start_time=7.5529735,stop_time=7.5949086
[(36, 35), (116, 117), (50, 51), (83, 82), (99, 100), (20, 19), (97, 96), (120, 121), (61, 65), (104, 105), (86, 87), (92, 93), (46, 47), (78, 77), (56, 53), (72, 71), (14, 13), (101, 102), (119, 118), (95, 98), (15, 16), (123, 122), (112, 111), (114, 113), (38, 37), (79, 76), (63, 64), (52, 48), (2, 3), (147, 103), (43, 44), (75, 74), (84, 85), (10, 11), (107, 106), (81, 80), (135, 134), (29, 28), (108, 109), (60, 59), (62, 66), (139, 142), (8, 9), (94, 58), (40, 41), (70, 68), (33, 32), (136, 132), (88, 90), (1, 0), (7, 6), (4, 5), (126, 127), (17, 18), (125, 128), (143, 141), (23, 24), (21, 22), (49, 55), (67, 73), (124, 131), (115, 110), (31, 57), (42, 45), (27, 26), (30, 91), (148, 140), (34, 39), (133, 137), (138, 145), (129, 130), (54, 25), (146, 12), (149, 144), (69, 89)]
fitness=105824,iteration=0,gap=1.004085060894132,delta=1052,timestamp=7.5641826
fitness=104940,iteration=1,gap=0.16034818462948114,delta=168,timestamp=7.5948766
