optimum=19032
execution_time=0.0027372999999999426,start_time=0.7719743,stop_time=0.7747116
[(21, 22), (16, 15), (2, 4), (26, 24), (11, 13), (10, 9), (19, 20), (17, 18), (8, 7), (12, 14), (5, 29), (0, 1), (3, 6), (23, 25), (28, 27)]
fitness=19032,iteration=0,gap=0.0,delta=0,timestamp=0.7742681
fitness=19032,iteration=1,gap=0.0,delta=0,timestamp=0.7746987
