optimum=83495
execution_time=63.42387959999999,start_time=3.1037979,stop_time=66.5276775
[(54, 73), (31, 32), (19, 20), (18, 23), (51, 50), (56, 57), (13, 81), (26, 2), (34, 33), (78, 80), (72, 70), (45, 44), (62, 61), (79, 77), (39, 40), (84, 85), (58, 59), (71, 69), (90, 89), (63, 64), (4, 3), (21, 22), (25, 24), (53, 52), (96, 94), (29, 30), (27, 28), (87, 83), (16, 17), (48, 49), (36, 35), (75, 76), (55, 99), (95, 60), (0, 1), (12, 10), (86, 82), (7, 8), (9, 11), (43, 42), (5, 6), (38, 37), (91, 93), (68, 67), (41, 97), (14, 15), (88, 74), (66, 65), (92, 98), (47, 46)]
fitness=230205.0,iteration=0,gap=175.71112042637284,delta=146710.0,timestamp=10.4230889
fitness=143417.0,iteration=1,gap=71.76717168692736,delta=59922.0,timestamp=21.9761134
fitness=85387.0,iteration=2,gap=2.266003952332475,delta=1892.0,timestamp=46.2391223
fitness=83851.0,iteration=3,gap=0.42637283669680826,delta=356.0,timestamp=64.4667248
fitness=83495.0,iteration=4,gap=0.0,delta=0.0,timestamp=66.5276218
