optimum=19032
execution_time=0.002231800000000006,start_time=0.7950375,stop_time=0.7972693
[(9, 10), (0, 1), (18, 17), (15, 16), (8, 7), (21, 22), (20, 19), (24, 26), (25, 23), (11, 13), (12, 14), (4, 2), (29, 5), (28, 27), (6, 3)]
fitness=19032,iteration=0,gap=0.0,delta=0,timestamp=0.7966086
fitness=19032,iteration=1,gap=0.0,delta=0,timestamp=0.797255
