optimum=42382
execution_time=2.1092075,start_time=1.0985418,stop_time=3.2077493
[(42, 41), (59, 57), (3, 2), (18, 19), (21, 20), (56, 22), (53, 54), (12, 10), (9, 11), (33, 34), (1, 0), (44, 45), (36, 35), (16, 17), (49, 50), (51, 47), (26, 25), (23, 24), (5, 4), (52, 55), (39, 40), (43, 46), (31, 29), (28, 30), (38, 37), (32, 48), (6, 7), (27, 58), (14, 15), (13, 8)]
fitness=42382,iteration=0,gap=0.0,delta=0,timestamp=3.2076554
