optimum=20892
execution_time=0.32447420000000005,start_time=0.5633155,stop_time=0.8877897
[(13, 14), (15, 16), (26, 28), (7, 35), (24, 23), (4, 5), (10, 6), (9, 8), (12, 11), (1, 0), (33, 32), (3, 2), (34, 36), (19, 20), (27, 25), (17, 18), (29, 39), (37, 38), (31, 30), (22, 21)]
fitness=20892,iteration=0,gap=0.0,delta=0,timestamp=0.8877252
