optimum=42382
execution_time=0.011682299999999923,start_time=1.2430824,stop_time=1.2547647
[(40, 39), (4, 5), (37, 38), (59, 57), (16, 20), (35, 36), (19, 18), (11, 9), (54, 53), (12, 10), (0, 1), (31, 29), (23, 24), (45, 44), (52, 55), (28, 30), (43, 46), (49, 50), (15, 56), (3, 2), (25, 26), (21, 17), (51, 47), (6, 7), (33, 34), (14, 27), (41, 42), (58, 32), (48, 22), (13, 8)]
fitness=44666,iteration=0,gap=5.389080269925912,delta=2284,timestamp=1.2486088
fitness=42890,iteration=1,gap=1.198622056533434,delta=508,timestamp=1.2547437
