optimum=11758
execution_time=0.24867129999999998,start_time=0.4571272,stop_time=0.7057985
[(1, 0), (12, 18), (11, 10), (9, 8), (15, 14), (7, 4), (17, 16), (2, 3), (6, 5), (19, 13)]
fitness=11758.0,iteration=0,gap=0.0,delta=0.0,timestamp=0.7057615
