optimum=69731
execution_time=0.02407590000000015,start_time=2.1792141,stop_time=2.20329
[(22, 21), (51, 42), (53, 52), (44, 43), (40, 41), (1, 0), (82, 84), (70, 69), (2, 3), (5, 6), (35, 36), (65, 64), (72, 71), (63, 62), (83, 89), (4, 7), (33, 34), (68, 67), (39, 38), (61, 60), (17, 15), (27, 26), (29, 28), (20, 24), (73, 74), (9, 11), (48, 47), (78, 79), (31, 30), (58, 59), (56, 57), (55, 54), (81, 80), (46, 45), (8, 87), (75, 76), (16, 14), (23, 19), (86, 25), (50, 49), (88, 77), (13, 37), (32, 18), (85, 66), (10, 12)]
fitness=71779,iteration=0,gap=2.937000760063673,delta=2048,timestamp=2.185983
fitness=69747,iteration=1,gap=0.022945318437997447,delta=16,timestamp=2.2032562
