optimum=47234
execution_time=0.008742199999999922,start_time=1.4093909,stop_time=1.4181331
[(48, 49), (31, 30), (17, 16), (56, 55), (38, 39), (29, 32), (2, 3), (11, 8), (40, 41), (62, 60), (57, 58), (10, 9), (15, 14), (36, 37), (34, 35), (18, 19), (22, 21), (25, 26), (45, 44), (50, 46), (64, 67), (51, 52), (6, 5), (42, 43), (28, 33), (61, 59), (0, 1), (23, 24), (7, 4), (53, 54), (69, 13), (65, 27), (63, 20), (66, 47), (68, 12)]
fitness=47252,iteration=0,gap=0.03810814243976796,delta=18,timestamp=1.4139639
fitness=47244,iteration=1,gap=0.021171190244315536,delta=10,timestamp=1.4181105
