optimum=53538
execution_time=30.276980899999998,start_time=1.747836,stop_time=32.0248169
[(22, 21), (51, 50), (14, 19), (60, 61), (45, 46), (34, 33), (62, 63), (41, 39), (57, 56), (67, 68), (4, 6), (16, 17), (59, 58), (12, 77), (30, 25), (31, 35), (38, 40), (15, 18), (43, 44), (69, 70), (64, 20), (1, 0), (27, 26), (76, 75), (3, 2), (54, 55), (52, 53), (29, 28), (11, 9), (72, 71), (66, 65), (49, 48), (10, 8), (37, 13), (24, 23), (7, 5), (78, 42), (73, 47), (74, 79), (32, 36)]
fitness=114976.0,iteration=0,gap=114.75587433224999,delta=61438.0,timestamp=7.5197821
fitness=57256.0,iteration=1,gap=6.944600097127274,delta=3718.0,timestamp=19.7964339
fitness=53538.0,iteration=2,gap=0.0,delta=0.0,timestamp=32.0247721
