optimum=34198
execution_time=4.9726123,start_time=1.0221666,stop_time=5.9947789
[(47, 21), (44, 49), (9, 5), (14, 15), (18, 19), (8, 7), (34, 35), (13, 12), (3, 2), (25, 22), (16, 17), (27, 20), (45, 42), (31, 30), (0, 1), (32, 33), (41, 40), (48, 26), (37, 39), (4, 6), (10, 11), (43, 46), (36, 38), (23, 24), (29, 28)]
fitness=34198.0,iteration=0,gap=0.0,delta=0.0,timestamp=5.994742
