optimum=69731
execution_time=41.0058071,start_time=2.5700537,stop_time=43.5758608
[(36, 35), (79, 78), (30, 31), (17, 15), (3, 2), (48, 47), (25, 86), (38, 39), (84, 82), (54, 55), (5, 4), (0, 1), (50, 49), (26, 27), (87, 44), (23, 19), (29, 28), (60, 12), (69, 70), (89, 83), (56, 57), (24, 20), (9, 11), (46, 45), (74, 73), (72, 71), (41, 40), (7, 6), (13, 37), (16, 14), (34, 33), (22, 21), (75, 76), (64, 65), (67, 68), (53, 52), (61, 62), (80, 81), (77, 43), (51, 42), (66, 63), (18, 32), (85, 88), (10, 8), (59, 58)]
fitness=165633.0,iteration=0,gap=137.53137055255195,delta=95902.0,timestamp=8.74282
fitness=96861.0,iteration=1,gap=38.90665557642942,delta=27130.0,timestamp=20.1858186
fitness=69731.0,iteration=2,gap=0.0,delta=0.0,timestamp=43.5758152
