optimum=20892
execution_time=3.6935476000000005,start_time=0.8820821,stop_time=4.5756297
[(20, 19), (8, 9), (29, 39), (25, 28), (3, 2), (15, 16), (10, 6), (14, 13), (31, 30), (37, 38), (7, 36), (18, 17), (22, 21), (5, 4), (32, 33), (34, 35), (1, 0), (12, 11), (23, 24), (26, 27)]
fitness=20892.0,iteration=0,gap=0.0,delta=0.0,timestamp=4.5755855
