optimum=20892
execution_time=0.0067270000000000385,start_time=0.8932078,stop_time=0.8999348
[(6, 10), (19, 20), (32, 33), (9, 8), (2, 3), (16, 15), (21, 22), (5, 38), (26, 28), (17, 18), (11, 12), (30, 31), (0, 1), (24, 23), (36, 35), (14, 13), (37, 34), (27, 25), (4, 7), (29, 39)]
fitness=22066,iteration=0,gap=5.619375837641202,delta=1174,timestamp=0.8954886
fitness=21164,iteration=1,gap=1.3019337545471952,delta=272,timestamp=0.8999125
