optimum=53538
execution_time=19.904010000000003,start_time=1.8950899,stop_time=21.7990999
[(42, 78), (9, 11), (60, 61), (31, 35), (56, 57), (72, 71), (52, 53), (6, 4), (17, 16), (3, 2), (69, 70), (20, 64), (34, 33), (63, 62), (8, 10), (40, 39), (25, 30), (21, 22), (28, 29), (14, 18), (43, 44), (67, 68), (15, 19), (59, 58), (24, 23), (1, 0), (75, 76), (27, 26), (5, 7), (13, 37), (55, 54), (45, 46), (74, 79), (73, 47), (65, 66), (38, 41), (51, 50), (32, 36), (12, 77), (48, 49)]
fitness=125886.0,iteration=0,gap=135.1339235683066,delta=72348.0,timestamp=7.9289841
fitness=53538.0,iteration=1,gap=0.0,delta=0.0,timestamp=21.7990547
