optimum=53538
execution_time=5.0145639,start_time=1.7216769,stop_time=6.7362408
[(71, 72), (61, 60), (26, 27), (62, 63), (30, 25), (52, 53), (8, 10), (1, 0), (40, 39), (37, 13), (22, 21), (23, 24), (48, 49), (7, 6), (69, 70), (4, 5), (3, 2), (65, 66), (28, 29), (38, 41), (15, 19), (36, 32), (34, 33), (46, 45), (11, 9), (57, 56), (64, 20), (59, 58), (77, 12), (78, 42), (54, 55), (35, 31), (47, 73), (14, 18), (67, 68), (50, 51), (16, 17), (43, 44), (74, 79), (75, 76)]
fitness=53538,iteration=0,gap=0.0,delta=0,timestamp=6.7361063
