optimum=104772
execution_time=226.4217736,start_time=7.8183201,stop_time=234.2400937
[(48, 50), (11, 10), (52, 51), (68, 89), (14, 15), (70, 69), (87, 86), (18, 17), (22, 21), (54, 146), (82, 83), (32, 33), (41, 40), (37, 38), (5, 4), (91, 30), (71, 72), (101, 102), (74, 75), (6, 7), (24, 23), (44, 43), (61, 62), (57, 31), (85, 84), (125, 128), (133, 137), (108, 109), (138, 145), (59, 60), (46, 47), (39, 34), (66, 65), (3, 2), (119, 118), (107, 106), (88, 90), (110, 112), (100, 99), (76, 79), (64, 63), (55, 53), (115, 111), (67, 73), (120, 121), (19, 20), (27, 26), (29, 28), (94, 58), (117, 116), (122, 123), (98, 96), (0, 1), (77, 78), (8, 9), (136, 132), (127, 126), (141, 143), (81, 80), (104, 105), (140, 148), (135, 134), (95, 97), (103, 147), (25, 16), (12, 13), (45, 42), (35, 36), (144, 149), (139, 142), (56, 49), (93, 92), (124, 131), (130, 129), (114, 113)]
fitness=410212.0,iteration=0,gap=291.52827091207575,delta=305440.0,timestamp=21.4859201
fitness=329030.0,iteration=1,gap=214.0438285037987,delta=224258.0,timestamp=38.7417944
fitness=246280.0,iteration=2,gap=135.0628030389799,delta=141508.0,timestamp=59.3885776
fitness=177872.0,iteration=3,gap=69.77054938342306,delta=73100.0,timestamp=91.1605513
fitness=128952.0,iteration=4,gap=23.078685144886038,delta=24180.0,timestamp=147.1321331
fitness=105190.0,iteration=5,gap=0.39896155461382815,delta=418.0,timestamp=224.5208349
fitness=104772.0,iteration=6,gap=0.0,delta=0.0,timestamp=234.2400366
