optimum=19032
execution_time=0.8405359000000001,start_time=0.4651679,stop_time=1.3057038
[(14, 12), (7, 8), (27, 28), (20, 19), (17, 18), (23, 24), (21, 22), (1, 0), (29, 5), (2, 4), (3, 6), (25, 26), (13, 11), (10, 9), (16, 15)]
fitness=19032.0,iteration=0,gap=0.0,delta=0.0,timestamp=1.3056644
