optimum=1994
execution_time=0.00038209999999999633,start_time=0.4820484,stop_time=0.4824305
[(6, 5), (8, 9), (2, 3), (1, 0), (4, 7)]
fitness=1994,iteration=0,gap=0.0,delta=0,timestamp=0.4823696
fitness=1994,iteration=1,gap=0.0,delta=0,timestamp=0.4824247
