optimum=42382
execution_time=0.008626100000000081,start_time=1.129012,stop_time=1.1376381
[(23, 24), (1, 0), (39, 40), (59, 57), (38, 37), (25, 26), (53, 54), (44, 45), (3, 2), (55, 52), (34, 33), (5, 4), (46, 43), (6, 27), (18, 19), (20, 16), (36, 35), (47, 51), (29, 31), (30, 28), (15, 14), (21, 17), (49, 50), (41, 42), (9, 11), (7, 56), (12, 10), (58, 32), (22, 48), (13, 8)]
fitness=44666,iteration=0,gap=5.389080269925912,delta=2284,timestamp=1.1323346
fitness=42944,iteration=1,gap=1.3260346373460432,delta=562,timestamp=1.1376155
