optimum=83495
execution_time=0.018605800000000006,start_time=1.7825555,stop_time=1.8011613
[(61, 62), (50, 51), (20, 19), (4, 3), (40, 39), (43, 42), (59, 58), (30, 29), (10, 9), (53, 52), (6, 5), (25, 24), (23, 22), (8, 7), (45, 44), (91, 93), (64, 63), (27, 28), (26, 21), (84, 85), (86, 82), (14, 15), (75, 76), (12, 11), (80, 78), (60, 95), (72, 70), (47, 46), (79, 77), (33, 34), (0, 1), (66, 67), (48, 49), (37, 38), (57, 56), (92, 13), (16, 17), (65, 68), (71, 69), (18, 2), (55, 99), (89, 81), (35, 36), (83, 87), (32, 31), (96, 94), (90, 88), (98, 74), (97, 41), (73, 54)]
fitness=86513,iteration=0,gap=3.614587699862267,delta=3018,timestamp=1.7870051
fitness=85293,iteration=1,gap=2.153422360620396,delta=1798,timestamp=1.8011306
