optimum=69731
execution_time=24.3104261,start_time=1.392705,stop_time=25.7031311
[(61, 62), (78, 79), (5, 6), (51, 42), (19, 23), (68, 67), (3, 2), (10, 8), (36, 35), (20, 24), (75, 76), (52, 53), (45, 46), (7, 4), (64, 65), (30, 28), (59, 58), (16, 17), (41, 40), (49, 50), (74, 73), (21, 22), (55, 54), (44, 87), (56, 57), (37, 13), (43, 77), (82, 84), (0, 1), (12, 60), (66, 63), (15, 14), (11, 9), (33, 34), (88, 85), (32, 18), (81, 80), (83, 89), (27, 26), (69, 70), (25, 86), (71, 72), (39, 38), (29, 31), (48, 47)]
fitness=158501.0,iteration=0,gap=127.30349485881459,delta=88770.0,timestamp=4.9905251
fitness=95085.0,iteration=1,gap=36.35972522981171,delta=25354.0,timestamp=11.9069035
fitness=69731.0,iteration=2,gap=0.0,delta=0.0,timestamp=25.7030851
