optimum=1994
execution_time=0.0008601000000000303,start_time=0.7341551,stop_time=0.7350152
[(6, 5), (0, 1), (8, 9), (2, 3), (4, 7)]
fitness=1994,iteration=0,gap=0.0,delta=0,timestamp=0.7349101
fitness=1994,iteration=1,gap=0.0,delta=0,timestamp=0.735006
