optimum=42382
execution_time=7.3173468999999995,start_time=0.7214389,stop_time=8.0387858
[(25, 26), (33, 34), (20, 16), (10, 12), (8, 13), (21, 17), (4, 6), (46, 43), (40, 39), (38, 37), (3, 2), (30, 29), (49, 50), (41, 42), (19, 18), (1, 0), (23, 24), (31, 28), (22, 56), (57, 59), (51, 47), (44, 45), (52, 55), (35, 36), (5, 7), (9, 11), (54, 53), (27, 58), (48, 32), (15, 14)]
fitness=53896.0,iteration=0,gap=27.167193619932988,delta=11514.0,timestamp=3.5841979
fitness=42382.0,iteration=1,gap=0.0,delta=0.0,timestamp=8.0387556
