optimum=69731
execution_time=6.4237988999999995,start_time=2.3272254,stop_time=8.7510243
[(7, 4), (87, 44), (9, 11), (10, 8), (34, 33), (68, 67), (15, 17), (39, 38), (6, 5), (22, 21), (66, 63), (82, 84), (78, 79), (49, 50), (1, 0), (70, 69), (71, 72), (2, 3), (81, 80), (12, 60), (13, 37), (46, 45), (52, 53), (20, 24), (14, 16), (19, 23), (74, 73), (75, 76), (28, 29), (58, 59), (35, 36), (48, 47), (55, 54), (64, 65), (32, 18), (51, 42), (31, 30), (88, 85), (41, 40), (26, 27), (25, 86), (77, 43), (62, 61), (83, 89), (56, 57)]
fitness=69731,iteration=0,gap=0.0,delta=0,timestamp=8.7508737
