optimum=34198
execution_time=5.3486955,start_time=1.0022349,stop_time=6.3509304
[(10, 11), (13, 12), (36, 38), (20, 19), (28, 29), (42, 43), (14, 15), (3, 2), (34, 35), (22, 25), (18, 27), (4, 6), (23, 24), (46, 45), (5, 9), (48, 26), (31, 30), (1, 0), (21, 47), (33, 32), (41, 40), (39, 37), (7, 8), (49, 44), (16, 17)]
fitness=34198.0,iteration=0,gap=0.0,delta=0.0,timestamp=6.3508895
