optimum=42382
execution_time=12.5882075,start_time=1.2512953,stop_time=13.8395028
[(9, 11), (27, 58), (5, 6), (51, 47), (44, 45), (21, 16), (57, 59), (18, 19), (42, 41), (50, 49), (26, 25), (3, 2), (1, 0), (39, 40), (54, 53), (30, 28), (14, 15), (46, 43), (10, 12), (48, 32), (37, 38), (35, 36), (13, 8), (52, 55), (29, 31), (4, 7), (23, 24), (17, 20), (22, 56), (33, 34)]
fitness=54790.0,iteration=0,gap=29.27657968005285,delta=12408.0,timestamp=6.1281823
fitness=42382.0,iteration=1,gap=0.0,delta=0.0,timestamp=13.8394583
