optimum=83495
execution_time=0.02849030000000008,start_time=2.6751704,stop_time=2.7036607
[(25, 24), (8, 7), (56, 57), (37, 38), (53, 52), (16, 17), (40, 39), (64, 63), (14, 15), (33, 34), (48, 49), (62, 61), (29, 30), (67, 65), (10, 9), (84, 85), (91, 93), (70, 72), (35, 36), (6, 5), (19, 20), (58, 59), (22, 23), (78, 80), (42, 43), (50, 51), (27, 28), (75, 76), (47, 46), (83, 87), (0, 1), (69, 71), (4, 3), (21, 26), (11, 12), (66, 68), (92, 13), (79, 77), (86, 82), (32, 31), (89, 81), (2, 18), (88, 90), (44, 45), (94, 96), (60, 95), (98, 74), (99, 55), (97, 41), (73, 54)]
fitness=86513,iteration=0,gap=3.614587699862267,delta=3018,timestamp=2.681138
fitness=85293,iteration=1,gap=2.153422360620396,delta=1798,timestamp=2.7036261
