optimum=11758
execution_time=0.49122090000000007,start_time=0.7533074,stop_time=1.2445283
[(1, 0), (17, 16), (2, 3), (12, 14), (15, 18), (5, 6), (9, 8), (11, 10), (19, 13), (7, 4)]
fitness=11758.0,iteration=0,gap=0.0,delta=0.0,timestamp=1.2444872
