optimum=83495
execution_time=60.3461537,start_time=2.8789085,stop_time=63.2250622
[(81, 13), (10, 9), (84, 85), (30, 29), (23, 18), (65, 66), (48, 49), (72, 70), (42, 43), (6, 5), (34, 33), (0, 1), (87, 83), (54, 73), (82, 86), (27, 28), (45, 44), (60, 95), (71, 69), (8, 7), (52, 53), (99, 55), (14, 15), (37, 38), (25, 24), (62, 61), (4, 3), (35, 36), (63, 64), (31, 32), (50, 51), (96, 94), (47, 46), (19, 20), (68, 67), (93, 91), (11, 12), (22, 21), (97, 41), (77, 78), (76, 75), (57, 56), (17, 16), (2, 26), (88, 74), (40, 39), (90, 89), (98, 92), (59, 58), (79, 80)]
fitness=223281.0,iteration=0,gap=167.41840828792144,delta=139786.0,timestamp=10.3556636
fitness=144311.0,iteration=1,gap=72.83789448469969,delta=60816.0,timestamp=23.3172519
fitness=86401.0,iteration=2,gap=3.480447931013833,delta=2906.0,timestamp=49.4572211
fitness=83495.0,iteration=3,gap=0.0,delta=0.0,timestamp=63.2250137
