optimum=1994
execution_time=0.000640299999999927,start_time=0.7288925,stop_time=0.7295328
[(6, 5), (9, 8), (3, 2), (0, 1), (4, 7)]
fitness=1994,iteration=0,gap=0.0,delta=0,timestamp=0.7294369
fitness=1994,iteration=1,gap=0.0,delta=0,timestamp=0.7295238
