optimum=1994
execution_time=0.09735140000000009,start_time=0.6798171,stop_time=0.7771685
[(1, 0), (9, 8), (2, 3), (6, 4), (7, 5)]
fitness=1994.0,iteration=0,gap=0.0,delta=0.0,timestamp=0.7771355
