optimum=83495
execution_time=19.963301599999998,start_time=2.7660449,stop_time=22.7293465
[(93, 91), (42, 43), (95, 60), (22, 21), (52, 53), (20, 19), (58, 59), (1, 0), (63, 64), (62, 61), (14, 15), (67, 66), (68, 65), (71, 69), (16, 17), (7, 8), (83, 87), (47, 46), (80, 78), (25, 24), (90, 89), (88, 74), (23, 18), (28, 27), (98, 92), (77, 79), (13, 81), (45, 44), (57, 56), (72, 70), (30, 29), (50, 51), (34, 33), (48, 49), (2, 26), (37, 38), (11, 9), (73, 54), (31, 32), (5, 6), (36, 35), (82, 86), (4, 3), (99, 55), (97, 41), (39, 40), (85, 84), (10, 12), (76, 75), (94, 96)]
fitness=84969,iteration=0,gap=1.765375172165998,delta=1474,timestamp=9.4063862
fitness=83537,iteration=1,gap=0.050302413318162764,delta=42,timestamp=16.0094926
fitness=83495,iteration=2,gap=0.0,delta=0,timestamp=22.7291624
