optimum=47234
execution_time=3.4690529000000003,start_time=1.4115411,stop_time=4.880594
[(40, 41), (9, 10), (45, 44), (18, 19), (52, 51), (54, 53), (8, 11), (59, 61), (43, 42), (25, 26), (55, 56), (48, 49), (39, 38), (5, 4), (7, 6), (17, 16), (2, 3), (21, 22), (31, 30), (57, 58), (27, 20), (69, 66), (47, 63), (35, 34), (15, 14), (60, 62), (28, 33), (65, 13), (32, 29), (23, 24), (64, 67), (46, 50), (1, 0), (37, 36), (68, 12)]
fitness=47234,iteration=0,gap=0.0,delta=0,timestamp=4.8804694
