optimum=1994
execution_time=0.0007228999999999708,start_time=0.7007445,stop_time=0.7014674
[(9, 8), (5, 4), (1, 0), (3, 2), (7, 6)]
fitness=1994,iteration=0,gap=0.0,delta=0,timestamp=0.7013717
fitness=1994,iteration=1,gap=0.0,delta=0,timestamp=0.7014583
