optimum=130178
execution_time=300.9741131,start_time=10.1725867,stop_time=311.1466998
[(47, 35), (166, 29), (83, 84), (90, 87), (16, 12), (43, 46), (138, 137), (19, 21), (49, 50), (161, 160), (184, 183), (76, 71), (4, 2), (38, 40), (96, 95), (63, 62), (5, 6), (0, 1), (70, 73), (66, 13), (197, 199), (80, 79), (140, 139), (149, 150), (9, 186), (67, 68), (42, 41), (156, 155), (178, 179), (74, 72), (180, 181), (27, 28), (136, 135), (172, 173), (15, 14), (196, 187), (162, 163), (147, 148), (3, 7), (34, 33), (127, 126), (128, 192), (98, 97), (89, 88), (145, 146), (23, 20), (94, 93), (103, 102), (31, 32), (176, 177), (130, 129), (100, 101), (57, 58), (116, 105), (185, 134), (195, 189), (108, 110), (107, 109), (157, 154), (142, 143), (91, 153), (112, 111), (55, 75), (53, 182), (61, 191), (121, 122), (18, 17), (132, 131), (82, 81), (125, 117), (171, 174), (159, 158), (169, 170), (39, 45), (168, 167), (104, 99), (114, 113), (51, 52), (30, 26), (188, 85), (106, 119), (133, 92), (44, 65), (144, 141), (48, 37), (36, 64), (151, 152), (124, 123), (175, 22), (198, 24), (11, 8), (25, 10), (86, 193), (190, 60), (120, 118), (165, 164), (56, 59), (78, 194), (69, 115), (77, 54)]
fitness=197942,iteration=0,gap=52.05487870454301,delta=67764,timestamp=19.5858898
fitness=183290,iteration=1,gap=40.7995206563321,delta=53112,timestamp=29.2373382
fitness=175158,iteration=3,gap=34.552689394521344,delta=44980,timestamp=48.0352634
fitness=174810,iteration=26,gap=34.285363118192016,delta=44632,timestamp=245.0507373
