optimum=20892
execution_time=3.7186798,start_time=0.9058267,stop_time=4.6245065
[(37, 38), (31, 30), (19, 20), (5, 4), (22, 21), (8, 9), (24, 23), (33, 32), (3, 2), (36, 35), (29, 39), (11, 12), (10, 6), (14, 13), (15, 16), (17, 18), (1, 0), (34, 7), (28, 25), (26, 27)]
fitness=20892.0,iteration=0,gap=0.0,delta=0.0,timestamp=4.6244601
