optimum=47234
execution_time=3.3338251999999997,start_time=1.3632111,stop_time=4.6970363
[(41, 40), (14, 15), (50, 46), (26, 25), (28, 33), (2, 3), (17, 16), (51, 52), (42, 43), (0, 1), (10, 9), (58, 57), (39, 38), (18, 19), (47, 63), (59, 60), (5, 7), (61, 62), (44, 45), (27, 20), (23, 24), (8, 11), (12, 68), (30, 31), (53, 54), (4, 6), (66, 69), (65, 13), (56, 55), (49, 48), (64, 67), (21, 22), (35, 34), (32, 29), (37, 36)]
fitness=47234,iteration=0,gap=0.0,delta=0,timestamp=4.6969164
