optimum=53538
execution_time=25.6270682,start_time=1.7561736,stop_time=27.3832418
[(6, 4), (21, 22), (59, 58), (43, 44), (1, 0), (23, 24), (33, 34), (12, 77), (29, 28), (68, 67), (18, 14), (72, 71), (53, 52), (47, 73), (49, 48), (62, 63), (50, 51), (32, 36), (38, 39), (74, 79), (76, 75), (66, 65), (45, 46), (9, 11), (31, 35), (20, 64), (25, 30), (42, 78), (17, 16), (61, 60), (15, 19), (41, 40), (3, 2), (37, 13), (54, 55), (69, 70), (26, 27), (56, 57), (10, 8), (7, 5)]
fitness=121330.0,iteration=0,gap=126.62408009264448,delta=67792.0,timestamp=7.0404386
fitness=54812.0,iteration=1,gap=2.3796182150995557,delta=1274.0,timestamp=18.053027
fitness=53538.0,iteration=2,gap=0.0,delta=0.0,timestamp=27.3831972
