optimum=69731
execution_time=25.6876579,start_time=1.5067423,stop_time=27.1944002
[(37, 13), (41, 40), (55, 54), (74, 73), (75, 76), (14, 17), (49, 50), (28, 29), (79, 78), (3, 2), (44, 87), (36, 35), (33, 34), (30, 31), (69, 70), (86, 25), (72, 71), (62, 61), (48, 47), (57, 56), (80, 81), (59, 58), (21, 22), (45, 46), (18, 32), (26, 27), (6, 4), (20, 24), (43, 77), (38, 39), (10, 8), (15, 16), (23, 19), (51, 42), (5, 7), (64, 65), (66, 63), (89, 83), (52, 53), (68, 67), (84, 82), (1, 0), (85, 88), (9, 11), (12, 60)]
fitness=156085.0,iteration=0,gap=123.83875177467698,delta=86354.0,timestamp=5.893845
fitness=86263.0,iteration=1,gap=23.708250276060863,delta=16532.0,timestamp=13.7189052
fitness=69731.0,iteration=2,gap=0.0,delta=0.0,timestamp=27.1943509
