optimum=34198
execution_time=5.1359618,start_time=0.98625,stop_time=6.1222118
[(39, 37), (14, 15), (10, 5), (30, 31), (43, 45), (0, 1), (26, 48), (21, 47), (40, 41), (34, 35), (22, 25), (7, 8), (29, 28), (11, 9), (17, 20), (49, 44), (4, 6), (19, 18), (13, 12), (32, 33), (42, 46), (16, 27), (23, 24), (36, 38), (2, 3)]
fitness=34198.0,iteration=0,gap=0.0,delta=0.0,timestamp=6.1221673
