optimum=34198
execution_time=1.2629355,start_time=0.9918989,stop_time=2.2548344
[(35, 34), (44, 49), (48, 26), (20, 27), (9, 5), (8, 7), (1, 0), (14, 15), (36, 38), (6, 4), (10, 11), (21, 47), (33, 32), (17, 16), (42, 46), (30, 31), (23, 24), (12, 13), (40, 41), (22, 25), (3, 2), (19, 18), (28, 29), (37, 39), (45, 43)]
fitness=34198,iteration=0,gap=0.0,delta=0,timestamp=2.2547478
