optimum=104772
execution_time=300.01206959999996,start_time=4.0943025,stop_time=304.1063721
[(9, 8), (11, 10), (133, 137), (19, 20), (5, 4), (43, 44), (141, 143), (53, 55), (1, 0), (51, 50), (112, 111), (94, 58), (34, 39), (37, 38), (52, 48), (122, 123), (105, 104), (96, 98), (7, 6), (79, 76), (28, 29), (62, 61), (147, 16), (134, 135), (36, 35), (85, 84), (54, 25), (31, 57), (45, 42), (126, 127), (115, 110), (80, 81), (71, 72), (67, 73), (139, 103), (100, 99), (60, 59), (97, 95), (140, 131), (46, 47), (22, 21), (70, 68), (66, 65), (49, 56), (30, 91), (78, 77), (41, 40), (93, 92), (15, 14), (3, 2), (83, 82), (74, 75), (142, 145), (121, 138), (109, 108), (107, 106), (64, 63), (114, 113), (86, 87), (116, 117), (18, 17), (24, 23), (146, 148), (128, 125), (132, 136), (124, 120), (101, 102), (119, 118), (32, 33), (90, 88), (144, 149), (12, 13), (130, 129), (89, 69), (27, 26)]
fitness=123912,iteration=0,gap=18.268239606001604,delta=19140,timestamp=9.9258954
fitness=111036,iteration=1,gap=5.978696598327797,delta=6264,timestamp=15.9702813
fitness=110520,iteration=6,gap=5.486198602680106,delta=5748,timestamp=45.4278724
fitness=109182,iteration=9,gap=4.20913984652388,delta=4410,timestamp=63.3778625
fitness=108640,iteration=21,gap=3.691826060397816,delta=3868,timestamp=134.265298
fitness=106188,iteration=28,gap=1.3515061275913411,delta=1416,timestamp=175.5806245
