optimum=69731
execution_time=0.029443899999999967,start_time=2.2596622,stop_time=2.2891061
[(58, 59), (57, 56), (28, 29), (64, 65), (46, 45), (55, 54), (47, 48), (17, 15), (70, 69), (4, 6), (44, 43), (35, 36), (75, 76), (38, 39), (22, 21), (33, 34), (61, 60), (2, 3), (53, 52), (73, 74), (26, 27), (83, 89), (11, 9), (14, 16), (8, 87), (79, 78), (62, 63), (84, 82), (51, 42), (72, 71), (0, 1), (23, 19), (5, 7), (41, 40), (67, 68), (30, 31), (80, 81), (20, 24), (25, 86), (18, 32), (50, 49), (13, 37), (85, 66), (88, 77), (10, 12)]
fitness=71779,iteration=0,gap=2.937000760063673,delta=2048,timestamp=2.2666426
fitness=69747,iteration=1,gap=0.022945318437997447,delta=16,timestamp=2.289064
