optimum=20892
execution_time=3.8225218,start_time=0.9806939,stop_time=4.8032157
[(25, 27), (35, 34), (10, 6), (19, 20), (1, 0), (24, 23), (37, 38), (8, 9), (4, 5), (26, 28), (32, 33), (29, 39), (30, 31), (17, 18), (2, 3), (22, 21), (16, 15), (12, 11), (14, 13), (36, 7)]
fitness=20892.0,iteration=0,gap=0.0,delta=0.0,timestamp=4.8031746
