optimum=104772
execution_time=300.0186592,start_time=7.3291695,stop_time=307.3478287
[(86, 87), (75, 74), (93, 92), (71, 72), (60, 59), (55, 56), (89, 88), (102, 101), (124, 110), (38, 39), (117, 116), (29, 28), (114, 113), (4, 5), (109, 108), (129, 73), (52, 51), (24, 23), (112, 111), (16, 15), (77, 78), (107, 106), (137, 133), (134, 135), (8, 9), (22, 21), (149, 94), (141, 138), (118, 119), (41, 40), (48, 50), (122, 123), (11, 10), (80, 81), (54, 42), (121, 120), (62, 65), (58, 45), (69, 70), (84, 85), (97, 96), (27, 26), (98, 95), (104, 105), (1, 0), (13, 14), (131, 130), (100, 99), (25, 145), (127, 126), (3, 2), (33, 32), (12, 146), (63, 64), (31, 57), (49, 53), (68, 67), (46, 47), (37, 36), (79, 76), (142, 139), (82, 83), (91, 90), (147, 103), (115, 143), (144, 30), (43, 44), (140, 148), (34, 35), (128, 125), (19, 20), (66, 61), (17, 18), (6, 7), (136, 132)]
fitness=120306,iteration=0,gap=14.826480357347382,delta=15534,timestamp=18.781725
fitness=108252,iteration=6,gap=3.3214981101821097,delta=3480,timestamp=83.090804
