optimum=20892
execution_time=0.004719299999999982,start_time=0.9541123,stop_time=0.9588316
[(20, 19), (32, 33), (36, 34), (21, 22), (26, 28), (27, 25), (0, 1), (23, 24), (5, 38), (30, 31), (6, 10), (17, 18), (16, 15), (9, 8), (13, 14), (35, 37), (11, 12), (2, 3), (4, 7), (29, 39)]
fitness=22066,iteration=0,gap=5.619375837641202,delta=1174,timestamp=0.9567808
fitness=21164,iteration=1,gap=1.3019337545471952,delta=272,timestamp=0.958816
