optimum=130178
execution_time=300.00668570000005,start_time=10.5119655,stop_time=310.5186512
[(139, 140), (128, 185), (41, 38), (56, 58), (118, 117), (0, 1), (49, 50), (72, 74), (108, 110), (37, 36), (174, 172), (164, 165), (143, 142), (40, 42), (20, 21), (183, 182), (70, 71), (132, 131), (30, 29), (149, 150), (157, 154), (96, 95), (101, 100), (159, 158), (153, 155), (192, 175), (16, 12), (76, 73), (83, 84), (60, 61), (113, 114), (35, 47), (160, 161), (66, 44), (111, 112), (55, 75), (177, 176), (127, 126), (51, 52), (104, 99), (6, 5), (136, 135), (15, 14), (116, 115), (63, 62), (163, 162), (67, 68), (169, 168), (88, 87), (122, 121), (7, 4), (78, 79), (80, 188), (123, 124), (59, 57), (102, 103), (152, 151), (179, 178), (134, 133), (33, 34), (11, 8), (120, 119), (81, 82), (85, 86), (147, 148), (28, 27), (198, 48), (92, 194), (181, 180), (22, 19), (64, 65), (23, 69), (45, 46), (39, 43), (191, 189), (24, 25), (77, 166), (197, 199), (146, 145), (31, 32), (190, 186), (94, 93), (125, 195), (53, 54), (171, 173), (97, 98), (9, 10), (184, 26), (137, 138), (167, 170), (196, 187), (144, 141), (2, 3), (89, 90), (13, 17), (18, 193), (107, 109), (105, 106), (91, 156), (129, 130)]
fitness=591994.0,iteration=0,gap=354.7573322681252,delta=461816.0,timestamp=23.8278115
fitness=519008.0,iteration=1,gap=298.6910230607322,delta=388830.0,timestamp=40.6314766
fitness=447840.0,iteration=2,gap=244.02126319347354,delta=317662.0,timestamp=61.2810216
fitness=388144.0,iteration=3,gap=198.16405229762327,delta=257966.0,timestamp=85.5157706
fitness=321220.0,iteration=4,gap=146.75444391525448,delta=191042.0,timestamp=110.7420885
fitness=259504.0,iteration=5,gap=99.34551153036611,delta=129326.0,timestamp=142.7799586
fitness=187002.0,iteration=6,gap=43.651000937178324,delta=56824.0,timestamp=188.6634796
fitness=146544.0,iteration=7,gap=12.572016777028377,delta=16366.0,timestamp=257.9596517
fitness=130820.0,iteration=8,gap=0.4931708890903224,delta=642.0,timestamp=310.5186116
