optimum=34198
execution_time=0.005167000000000033,start_time=0.5854553,stop_time=0.5906223
[(41, 40), (32, 33), (13, 12), (16, 17), (18, 20), (5, 9), (31, 30), (43, 45), (25, 22), (0, 1), (35, 34), (28, 29), (2, 3), (7, 8), (11, 10), (42, 46), (14, 15), (26, 48), (19, 27), (36, 38), (4, 6), (21, 47), (39, 37), (44, 49), (24, 23)]
fitness=35336,iteration=0,gap=3.327679981285455,delta=1138,timestamp=0.5876116
fitness=34198,iteration=1,gap=0.0,delta=0,timestamp=0.5906142
