optimum=47234
execution_time=0.008216400000000013,start_time=1.5940762,stop_time=1.6022926
[(23, 24), (62, 60), (21, 22), (59, 61), (55, 56), (16, 17), (57, 58), (8, 11), (48, 49), (37, 36), (41, 40), (6, 5), (51, 52), (38, 39), (25, 26), (1, 0), (2, 3), (67, 64), (14, 15), (31, 30), (46, 50), (18, 19), (54, 53), (10, 9), (45, 44), (29, 32), (35, 34), (28, 33), (7, 4), (42, 43), (65, 27), (63, 20), (13, 69), (47, 66), (12, 68)]
fitness=47252,iteration=0,gap=0.03810814243976796,delta=18,timestamp=1.5997865
fitness=47244,iteration=1,gap=0.021171190244315536,delta=10,timestamp=1.602275
