optimum=11758
execution_time=0.28340440000000006,start_time=0.4957508,stop_time=0.7791552
[(9, 8), (11, 10), (18, 12), (15, 14), (17, 16), (4, 7), (13, 19), (3, 2), (5, 6), (0, 1)]
fitness=11758.0,iteration=0,gap=0.0,delta=0.0,timestamp=0.7791197
