optimum=47234
execution_time=18.9716614,start_time=1.5133772,stop_time=20.4850386
[(5, 6), (62, 60), (26, 25), (16, 17), (32, 29), (24, 23), (44, 45), (28, 33), (15, 14), (59, 61), (4, 7), (12, 68), (37, 36), (22, 21), (10, 9), (40, 41), (39, 38), (50, 46), (30, 31), (0, 1), (2, 3), (13, 65), (42, 43), (47, 63), (56, 55), (20, 27), (35, 34), (54, 53), (19, 18), (49, 48), (67, 64), (57, 58), (52, 51), (8, 11), (69, 66)]
fitness=93232.0,iteration=0,gap=97.3832408858026,delta=45998.0,timestamp=6.8159373
fitness=47234.0,iteration=1,gap=0.0,delta=0.0,timestamp=20.4849998
