optimum=42382
execution_time=2.2288587,start_time=1.3398953,stop_time=3.568754
[(9, 11), (52, 55), (29, 31), (47, 51), (17, 20), (24, 23), (1, 0), (21, 16), (10, 12), (19, 18), (6, 4), (59, 57), (43, 46), (7, 5), (8, 13), (38, 37), (35, 36), (30, 28), (33, 34), (45, 44), (15, 14), (50, 49), (53, 54), (3, 2), (48, 32), (58, 27), (22, 56), (40, 39), (25, 26), (41, 42)]
fitness=42382,iteration=0,gap=0.0,delta=0,timestamp=3.5686705
