optimum=83495
execution_time=68.7154391,start_time=3.1790155,stop_time=71.8944546
[(23, 18), (95, 60), (62, 61), (89, 90), (12, 11), (87, 83), (67, 66), (57, 56), (14, 15), (5, 6), (46, 47), (39, 40), (10, 9), (54, 73), (58, 59), (88, 74), (28, 27), (29, 30), (93, 91), (48, 49), (43, 42), (53, 52), (68, 65), (84, 85), (75, 76), (17, 16), (99, 55), (70, 72), (35, 36), (81, 13), (33, 34), (86, 82), (71, 69), (63, 64), (31, 32), (77, 79), (37, 38), (51, 50), (8, 7), (96, 94), (26, 2), (41, 97), (45, 44), (25, 24), (92, 98), (1, 0), (22, 21), (80, 78), (20, 19), (3, 4)]
fitness=220591.0,iteration=0,gap=164.19665848254385,delta=137096.0,timestamp=10.5050379
fitness=143565.0,iteration=1,gap=71.94442781004851,delta=60070.0,timestamp=22.930078
fitness=87601.0,iteration=2,gap=4.917659740104198,delta=4106.0,timestamp=47.8166703
fitness=83537.0,iteration=3,gap=0.050302413318162764,delta=42.0,timestamp=66.1371008
fitness=83495.0,iteration=6,gap=0.0,delta=0.0,timestamp=71.8944044
