optimum=19032
execution_time=1.2536842,start_time=0.6724426,stop_time=1.9261268
[(23, 25), (18, 17), (7, 8), (19, 20), (9, 10), (27, 28), (12, 13), (22, 21), (11, 14), (6, 3), (4, 2), (5, 29), (15, 16), (26, 24), (0, 1)]
fitness=19032.0,iteration=0,gap=0.0,delta=0.0,timestamp=1.9260861
