optimum=83495
execution_time=42.3155528,start_time=2.8573209,stop_time=45.1728737
[(89, 90), (6, 5), (75, 76), (84, 85), (86, 82), (95, 60), (94, 96), (66, 67), (72, 70), (30, 29), (57, 56), (54, 73), (58, 59), (48, 49), (40, 39), (81, 13), (63, 64), (18, 23), (52, 53), (77, 78), (27, 28), (15, 14), (34, 33), (91, 93), (46, 47), (17, 16), (4, 3), (1, 0), (31, 32), (98, 92), (10, 9), (74, 88), (44, 45), (97, 41), (21, 22), (24, 25), (11, 12), (20, 19), (36, 35), (62, 61), (65, 68), (87, 83), (43, 42), (80, 79), (37, 38), (7, 8), (50, 51), (71, 69), (99, 55), (2, 26)]
fitness=83537,iteration=0,gap=0.050302413318162764,delta=42,timestamp=9.6893784
fitness=83495,iteration=5,gap=0.0,delta=0,timestamp=45.1727047
