optimum=1994
execution_time=0.0684614,start_time=0.5333055,stop_time=0.6017669
[(4, 7), (6, 5), (8, 9), (2, 3), (0, 1)]
fitness=1994.0,iteration=0,gap=0.0,delta=0.0,timestamp=0.6017297
