optimum=19032
execution_time=0.21547870000000002,start_time=0.5212302,stop_time=0.7367089
[(29, 5), (11, 12), (6, 3), (7, 8), (9, 10), (17, 18), (20, 19), (27, 28), (23, 25), (4, 2), (1, 0), (24, 26), (16, 15), (21, 22), (14, 13)]
fitness=19032,iteration=0,gap=0.0,delta=0,timestamp=0.7366244
