optimum=104772
execution_time=0.0516848999999997,start_time=8.1319545,stop_time=8.1836394
[(116, 117), (105, 104), (64, 63), (19, 20), (88, 90), (52, 50), (51, 48), (97, 96), (37, 38), (8, 9), (87, 86), (112, 111), (22, 21), (121, 120), (107, 106), (108, 109), (1, 0), (44, 43), (46, 47), (78, 77), (10, 11), (80, 81), (74, 75), (122, 123), (95, 98), (93, 92), (28, 29), (84, 85), (35, 36), (55, 53), (135, 134), (72, 71), (83, 82), (61, 65), (24, 23), (17, 18), (118, 119), (76, 79), (56, 49), (59, 60), (126, 127), (141, 143), (133, 137), (40, 41), (62, 66), (70, 68), (42, 45), (14, 13), (27, 26), (101, 102), (99, 100), (136, 132), (67, 73), (114, 113), (2, 3), (32, 33), (57, 31), (103, 147), (34, 39), (94, 58), (125, 128), (6, 7), (91, 30), (110, 115), (15, 16), (148, 140), (142, 139), (131, 124), (4, 5), (129, 130), (138, 145), (25, 54), (146, 12), (149, 144), (89, 69)]
fitness=105824,iteration=0,gap=1.004085060894132,delta=1052,timestamp=8.1454312
fitness=104940,iteration=1,gap=0.16034818462948114,delta=168,timestamp=8.1836012
