optimum=130178
execution_time=300.01450850000003,start_time=15.8196905,stop_time=315.834199
[(38, 41), (148, 147), (127, 126), (106, 105), (31, 32), (120, 119), (101, 102), (80, 78), (17, 13), (187, 196), (15, 14), (53, 54), (160, 161), (168, 170), (138, 137), (56, 59), (141, 144), (111, 112), (58, 57), (173, 171), (96, 95), (50, 49), (6, 5), (117, 118), (7, 4), (86, 84), (87, 88), (164, 165), (167, 169), (68, 67), (181, 180), (70, 71), (29, 30), (46, 43), (21, 19), (115, 116), (149, 150), (60, 61), (34, 33), (90, 89), (47, 35), (139, 140), (48, 198), (177, 176), (37, 36), (20, 22), (72, 74), (3, 2), (178, 179), (91, 156), (82, 81), (64, 65), (85, 83), (158, 159), (194, 79), (40, 42), (76, 73), (55, 75), (11, 8), (155, 153), (142, 143), (135, 136), (122, 121), (123, 124), (94, 93), (9, 10), (109, 107), (182, 183), (114, 113), (157, 154), (28, 27), (63, 62), (92, 25), (103, 104), (175, 18), (191, 195), (39, 45), (12, 16), (146, 189), (151, 152), (132, 133), (77, 166), (52, 51), (0, 1), (163, 162), (26, 184), (185, 128), (192, 188), (131, 134), (193, 66), (186, 190), (69, 125), (44, 145), (100, 99), (129, 130), (24, 23), (172, 174), (199, 197), (97, 98), (108, 110)]
fitness=592634.0,iteration=0,gap=355.24896679930555,delta=462456.0,timestamp=36.6360973
fitness=506188.0,iteration=1,gap=288.8429688580252,delta=376010.0,timestamp=61.1172222
fitness=422708.0,iteration=2,gap=224.71538969718387,delta=292530.0,timestamp=88.6545813
fitness=367006.0,iteration=3,gap=181.92628554748114,delta=236828.0,timestamp=122.5552181
fitness=290812.0,iteration=4,gap=123.3956582525465,delta=160634.0,timestamp=162.8381381
fitness=249716.0,iteration=5,gap=91.82657591912611,delta=119538.0,timestamp=215.1255743
fitness=199354.0,iteration=6,gap=53.13954738895973,delta=69176.0,timestamp=274.3551267
fitness=138208.0,iteration=7,gap=6.168477008403878,delta=8030.0,timestamp=315.8341458
