optimum=47234
execution_time=19.9619364,start_time=1.4802396,stop_time=21.442176
[(36, 37), (45, 44), (61, 62), (30, 31), (9, 10), (28, 33), (50, 46), (41, 40), (6, 5), (29, 32), (0, 1), (15, 14), (35, 34), (48, 49), (3, 2), (17, 18), (11, 8), (16, 19), (68, 12), (54, 53), (13, 65), (58, 57), (67, 64), (23, 24), (59, 60), (56, 55), (42, 43), (21, 22), (4, 7), (52, 51), (47, 63), (26, 25), (66, 69), (27, 20), (39, 38)]
fitness=83736.0,iteration=0,gap=77.27907862980057,delta=36502.0,timestamp=6.8295747
fitness=47234.0,iteration=1,gap=0.0,delta=0.0,timestamp=21.4421308
