optimum=34198
execution_time=0.008051900000000112,start_time=1.037834,stop_time=1.0458859
[(40, 41), (19, 20), (7, 8), (45, 43), (32, 33), (25, 22), (31, 30), (34, 35), (12, 13), (0, 1), (5, 9), (26, 48), (44, 49), (28, 29), (10, 11), (16, 17), (14, 15), (36, 38), (21, 47), (39, 37), (2, 3), (4, 6), (18, 27), (42, 46), (24, 23)]
fitness=35336,iteration=0,gap=3.327679981285455,delta=1138,timestamp=1.0411282
fitness=34198,iteration=1,gap=0.0,delta=0,timestamp=1.0458692
