optimum=47234
execution_time=3.3966494000000003,start_time=1.4020027,stop_time=4.7986521
[(41, 40), (30, 31), (5, 4), (21, 22), (7, 6), (35, 34), (54, 53), (50, 46), (39, 38), (52, 51), (16, 17), (10, 9), (28, 33), (65, 13), (26, 25), (15, 14), (2, 3), (24, 23), (8, 11), (59, 62), (36, 37), (27, 20), (49, 48), (45, 44), (0, 1), (29, 32), (69, 66), (42, 43), (57, 58), (60, 61), (19, 18), (67, 64), (56, 55), (63, 47), (68, 12)]
fitness=47234,iteration=0,gap=0.0,delta=0,timestamp=4.7985409
