optimum=20892
execution_time=0.005429500000000087,start_time=0.9114437,stop_time=0.9168732
[(13, 14), (8, 9), (0, 1), (2, 3), (18, 17), (36, 34), (16, 15), (28, 26), (30, 31), (20, 19), (10, 6), (12, 11), (33, 32), (5, 38), (35, 37), (4, 7), (21, 22), (24, 23), (25, 27), (39, 29)]
fitness=22066,iteration=0,gap=5.619375837641202,delta=1174,timestamp=0.9152929
fitness=21164,iteration=1,gap=1.3019337545471952,delta=272,timestamp=0.9168576
