optimum=11758
execution_time=0.001779799999999998,start_time=0.7474723,stop_time=0.7492521
[(4, 6), (8, 9), (14, 12), (1, 0), (11, 10), (3, 2), (7, 5), (17, 16), (18, 15), (13, 19)]
fitness=11758,iteration=0,gap=0.0,delta=0,timestamp=0.7489923
fitness=11758,iteration=1,gap=0.0,delta=0,timestamp=0.7492419
