optimum=47234
execution_time=0.008026300000000042,start_time=1.3708946,stop_time=1.3789209
[(58, 57), (31, 30), (1, 0), (11, 8), (16, 17), (34, 35), (4, 6), (60, 62), (10, 9), (41, 40), (49, 48), (50, 46), (45, 44), (67, 64), (23, 24), (43, 42), (56, 55), (52, 51), (53, 54), (39, 38), (15, 14), (61, 59), (37, 36), (22, 21), (19, 18), (3, 2), (25, 26), (29, 32), (7, 5), (69, 13), (28, 33), (27, 65), (20, 63), (66, 47), (12, 68)]
fitness=47252,iteration=0,gap=0.03810814243976796,delta=18,timestamp=1.3750377
fitness=47244,iteration=1,gap=0.021171190244315536,delta=10,timestamp=1.378903
