optimum=83495
execution_time=78.28063180000001,start_time=2.953296,stop_time=81.2339278
[(88, 74), (78, 80), (87, 83), (25, 24), (77, 79), (84, 85), (12, 10), (48, 49), (39, 40), (8, 7), (3, 4), (5, 6), (75, 76), (66, 65), (72, 70), (17, 16), (90, 89), (28, 27), (54, 73), (22, 21), (71, 69), (32, 31), (63, 64), (33, 34), (46, 47), (93, 91), (35, 36), (23, 18), (82, 86), (68, 67), (14, 15), (38, 37), (0, 1), (11, 9), (51, 50), (92, 98), (96, 94), (45, 44), (19, 20), (52, 53), (97, 41), (58, 59), (55, 99), (60, 95), (30, 29), (61, 62), (56, 57), (26, 2), (13, 81), (42, 43)]
fitness=83851,iteration=0,gap=0.42637283669680826,delta=356,timestamp=10.1546037
fitness=83537,iteration=3,gap=0.050302413318162764,delta=42,timestamp=31.3462519
fitness=83495,iteration=10,gap=0.0,delta=0,timestamp=81.2337468
