optimum=83495
execution_time=0.04482240000000015,start_time=2.7268596,stop_time=2.771682
[(52, 53), (38, 37), (47, 46), (48, 49), (80, 78), (42, 43), (57, 56), (79, 77), (65, 67), (51, 50), (64, 63), (25, 24), (84, 85), (58, 59), (70, 72), (14, 15), (28, 27), (8, 7), (5, 6), (22, 23), (39, 40), (45, 44), (9, 10), (29, 30), (11, 12), (62, 61), (86, 82), (68, 66), (71, 69), (16, 17), (34, 33), (4, 3), (20, 19), (1, 0), (83, 87), (94, 96), (93, 91), (76, 75), (26, 21), (90, 89), (60, 95), (35, 36), (98, 92), (81, 13), (55, 99), (32, 31), (18, 2), (41, 97), (88, 74), (73, 54)]
fitness=86513,iteration=0,gap=3.614587699862267,delta=3018,timestamp=2.7335379
fitness=83537,iteration=1,gap=0.050302413318162764,delta=42,timestamp=2.7716459
