optimum=42382
execution_time=0.009204900000000071,start_time=1.1526235,stop_time=1.1618284
[(49, 50), (9, 11), (5, 6), (51, 47), (15, 56), (23, 24), (2, 3), (19, 18), (38, 37), (1, 0), (16, 20), (31, 29), (34, 33), (36, 35), (25, 26), (12, 10), (57, 59), (44, 45), (7, 4), (39, 40), (30, 28), (13, 8), (54, 53), (52, 55), (46, 43), (21, 17), (42, 41), (58, 32), (48, 22), (14, 27)]
fitness=44666,iteration=0,gap=5.389080269925912,delta=2284,timestamp=1.1563187
fitness=42890,iteration=1,gap=1.198622056533434,delta=508,timestamp=1.1618097
