optimum=53538
execution_time=4.9849514,start_time=1.7294168,stop_time=6.7143682
[(55, 54), (15, 18), (11, 9), (20, 64), (50, 51), (46, 45), (1, 0), (48, 49), (6, 4), (22, 21), (3, 2), (44, 43), (52, 53), (33, 34), (47, 73), (70, 69), (39, 41), (23, 24), (19, 14), (8, 10), (63, 62), (72, 71), (28, 29), (68, 67), (37, 13), (42, 78), (36, 32), (30, 25), (16, 17), (79, 74), (59, 58), (38, 40), (60, 61), (12, 77), (31, 35), (26, 27), (56, 57), (66, 65), (76, 75), (7, 5)]
fitness=53538,iteration=0,gap=0.0,delta=0,timestamp=6.7142375
