optimum=42382
execution_time=1.2398651,start_time=0.7568523,stop_time=1.9967174
[(46, 43), (57, 59), (17, 16), (24, 23), (15, 14), (12, 10), (29, 31), (22, 56), (49, 50), (52, 55), (28, 30), (47, 51), (34, 33), (3, 2), (54, 53), (1, 0), (18, 19), (45, 44), (8, 13), (39, 40), (7, 4), (9, 11), (6, 5), (41, 42), (36, 35), (32, 48), (58, 27), (26, 25), (20, 21), (38, 37)]
fitness=42382,iteration=0,gap=0.0,delta=0,timestamp=1.9966568
