optimum=130178
execution_time=0.09602769999999872,start_time=8.9707342,stop_time=9.0667619
[(132, 131), (170, 168), (179, 178), (190, 196), (158, 159), (118, 117), (105, 106), (112, 111), (143, 142), (149, 150), (157, 154), (42, 41), (127, 126), (55, 75), (167, 169), (107, 109), (31, 32), (68, 67), (155, 153), (90, 89), (147, 148), (0, 1), (138, 137), (102, 103), (15, 14), (21, 20), (43, 46), (94, 93), (5, 6), (96, 95), (197, 199), (3, 2), (72, 74), (187, 185), (29, 30), (181, 180), (11, 8), (4, 7), (33, 34), (71, 70), (129, 130), (162, 163), (58, 59), (161, 160), (134, 133), (56, 57), (79, 78), (97, 98), (87, 88), (51, 52), (135, 136), (65, 64), (119, 120), (10, 9), (101, 100), (99, 104), (36, 37), (40, 38), (121, 122), (45, 39), (182, 183), (113, 114), (61, 60), (82, 81), (140, 139), (195, 191), (165, 164), (144, 141), (50, 49), (177, 176), (25, 92), (83, 84), (145, 146), (123, 124), (63, 62), (76, 73), (13, 17), (156, 91), (28, 27), (173, 171), (152, 151), (198, 166), (108, 110), (115, 116), (22, 19), (23, 69), (16, 12), (184, 26), (172, 174), (85, 86), (35, 47), (128, 18), (192, 175), (188, 189), (186, 193), (125, 77), (66, 44), (194, 80), (24, 48), (54, 53)]
fitness=134640,iteration=0,gap=3.4276144970732383,delta=4462,timestamp=8.9787949
fitness=130194,iteration=1,gap=0.012290863279509593,delta=16,timestamp=9.0667356
