optimum=130178
execution_time=300.0100021,start_time=15.8058358,stop_time=315.8158379
[(138, 137), (89, 90), (143, 142), (47, 35), (13, 17), (82, 81), (2, 3), (29, 30), (40, 41), (16, 12), (39, 45), (107, 109), (174, 172), (71, 70), (58, 56), (152, 151), (64, 65), (129, 130), (100, 101), (67, 68), (46, 43), (55, 75), (78, 79), (4, 7), (33, 34), (99, 104), (186, 190), (94, 93), (116, 115), (60, 61), (97, 98), (161, 160), (178, 179), (52, 51), (111, 112), (83, 84), (159, 158), (20, 21), (180, 181), (66, 44), (121, 122), (36, 37), (155, 153), (86, 85), (156, 91), (54, 53), (171, 173), (22, 19), (42, 38), (9, 10), (6, 5), (31, 32), (106, 105), (126, 127), (198, 48), (170, 168), (72, 74), (14, 15), (164, 165), (136, 135), (177, 176), (49, 50), (167, 169), (73, 76), (199, 197), (194, 188), (0, 1), (146, 145), (110, 108), (103, 102), (185, 128), (28, 26), (189, 191), (88, 87), (11, 8), (125, 77), (92, 25), (27, 24), (119, 120), (96, 95), (144, 141), (118, 117), (182, 183), (140, 157), (63, 62), (80, 154), (113, 114), (163, 162), (149, 150), (124, 123), (195, 184), (132, 131), (166, 139), (134, 133), (196, 187), (23, 69), (147, 148), (57, 59), (18, 193), (192, 175)]
fitness=608096.0,iteration=0,gap=367.1265498010416,delta=477918.0,timestamp=36.905199
fitness=519250.0,iteration=1,gap=298.8769223678348,delta=389072.0,timestamp=62.032542
fitness=434058.0,iteration=2,gap=233.43422083608596,delta=303880.0,timestamp=91.9612284
fitness=371694.0,iteration=3,gap=185.52750848837744,delta=241516.0,timestamp=125.9451466
fitness=315766.0,iteration=4,gap=142.56479589485167,delta=185588.0,timestamp=163.8071013
fitness=256440.0,iteration=5,gap=96.99181121234002,delta=126262.0,timestamp=209.7944312
fitness=196692.0,iteration=6,gap=51.094655010831325,delta=66514.0,timestamp=270.7164076
fitness=150262.0,iteration=7,gap=15.42810613160442,delta=20084.0,timestamp=315.8157912
