optimum=130178
execution_time=300.0097288,start_time=15.7087412,stop_time=315.71847
[(63, 62), (73, 76), (175, 174), (72, 74), (164, 165), (111, 112), (135, 136), (179, 178), (61, 60), (185, 187), (33, 34), (68, 67), (6, 5), (65, 64), (197, 199), (83, 84), (9, 10), (180, 181), (80, 79), (75, 54), (143, 142), (89, 87), (94, 93), (98, 97), (163, 25), (176, 177), (88, 90), (104, 101), (132, 131), (115, 116), (162, 160), (117, 119), (133, 134), (17, 15), (106, 105), (85, 1), (121, 122), (158, 159), (12, 13), (49, 50), (102, 103), (170, 168), (66, 86), (7, 0), (148, 147), (35, 47), (59, 57), (45, 43), (156, 155), (21, 20), (78, 32), (154, 124), (8, 11), (96, 95), (100, 99), (82, 81), (91, 153), (92, 31), (18, 14), (27, 30), (26, 28), (2, 3), (52, 53), (127, 126), (173, 172), (188, 196), (191, 189), (192, 4), (42, 40), (145, 146), (38, 39), (139, 140), (19, 22), (149, 150), (183, 182), (118, 120), (56, 58), (167, 169), (29, 195), (151, 152), (128, 123), (157, 55), (44, 137), (108, 110), (193, 16), (36, 37), (141, 144), (113, 114), (70, 71), (77, 184), (129, 130), (138, 171), (46, 41), (107, 109), (166, 23), (125, 69), (186, 190), (194, 161), (48, 24), (51, 198)]
fitness=176616,iteration=0,gap=35.67269431086666,delta=46438,timestamp=31.0558564
fitness=175422,iteration=10,gap=34.75548863863326,delta=45244,timestamp=179.0382354
fitness=170190,iteration=20,gap=30.73637634623362,delta=40012,timestamp=315.7181558
