optimum=104772
execution_time=0.05054049999999943,start_time=7.7690134,stop_time=7.8195539
[(37, 38), (80, 81), (96, 97), (41, 40), (106, 107), (10, 11), (29, 28), (14, 13), (3, 2), (108, 109), (19, 20), (120, 121), (59, 60), (95, 98), (64, 63), (31, 57), (134, 135), (1, 0), (75, 74), (7, 6), (77, 78), (105, 104), (21, 22), (122, 123), (33, 32), (15, 16), (92, 93), (141, 143), (126, 127), (82, 83), (23, 24), (9, 8), (18, 17), (35, 36), (47, 46), (70, 68), (114, 113), (55, 56), (45, 42), (125, 128), (44, 43), (110, 111), (118, 119), (86, 87), (52, 50), (136, 132), (26, 27), (61, 65), (79, 76), (133, 137), (88, 90), (85, 84), (115, 112), (5, 4), (72, 71), (99, 100), (51, 48), (140, 148), (49, 53), (117, 116), (34, 39), (101, 102), (62, 66), (149, 144), (67, 73), (103, 147), (142, 139), (30, 91), (145, 138), (124, 131), (25, 54), (130, 129), (146, 12), (94, 58), (69, 89)]
fitness=105824,iteration=0,gap=1.004085060894132,delta=1052,timestamp=7.779867
fitness=104940,iteration=1,gap=0.16034818462948114,delta=168,timestamp=7.819515
