optimum=53538
execution_time=19.6760094,start_time=1.2063375,stop_time=20.8823469
[(20, 64), (1, 0), (62, 63), (45, 46), (33, 34), (23, 24), (18, 19), (4, 6), (66, 65), (67, 68), (41, 39), (27, 26), (61, 60), (31, 35), (78, 42), (43, 44), (49, 48), (8, 10), (57, 56), (74, 79), (52, 53), (16, 17), (12, 77), (70, 69), (32, 36), (37, 13), (71, 72), (47, 73), (3, 2), (40, 38), (50, 51), (30, 25), (54, 55), (29, 28), (76, 75), (11, 9), (21, 22), (58, 59), (5, 7), (15, 14)]
fitness=129822.0,iteration=0,gap=142.48571108371624,delta=76284.0,timestamp=5.0413705
fitness=54938.0,iteration=1,gap=2.614965071537973,delta=1400.0,timestamp=12.4690026
fitness=53538.0,iteration=2,gap=0.0,delta=0.0,timestamp=20.8823099
