optimum=83495
execution_time=300.981039,start_time=3.281166,stop_time=304.262205
[(55, 56), (88, 86), (44, 43), (53, 52), (72, 70), (16, 14), (79, 80), (19, 20), (46, 47), (85, 84), (26, 25), (87, 82), (77, 78), (68, 64), (65, 66), (57, 99), (92, 98), (40, 39), (94, 96), (89, 13), (76, 75), (2, 0), (59, 58), (30, 29), (49, 48), (33, 34), (71, 69), (21, 22), (8, 7), (5, 6), (63, 67), (90, 24), (61, 62), (35, 36), (28, 27), (31, 32), (4, 3), (91, 93), (18, 23), (11, 9), (51, 50), (12, 10), (97, 1), (81, 74), (38, 37), (15, 17), (83, 42), (60, 54), (73, 95), (45, 41)]
fitness=123027,iteration=0,gap=47.34654769746691,delta=39532,timestamp=5.7565651
fitness=121405,iteration=2,gap=45.403916402179775,delta=37910,timestamp=10.8291507
fitness=119095,iteration=3,gap=42.63728366968082,delta=35600,timestamp=13.352294
fitness=117215,iteration=8,gap=40.38565183543925,delta=33720,timestamp=26.0618605
fitness=111055,iteration=13,gap=33.00796454877538,delta=27560,timestamp=38.8037123
fitness=108579,iteration=32,gap=30.042517516018926,delta=25084,timestamp=88.4557185
fitness=103495,iteration=70,gap=23.95353015150608,delta=20000,timestamp=187.7430661
