optimum=83495
execution_time=300.8412109,start_time=3.1925683,stop_time=304.0337792
[(71, 72), (79, 80), (38, 37), (51, 50), (28, 27), (90, 93), (75, 91), (81, 78), (15, 14), (1, 0), (96, 84), (19, 20), (39, 40), (45, 42), (46, 47), (88, 86), (48, 49), (87, 85), (56, 57), (41, 16), (82, 83), (7, 8), (22, 21), (26, 25), (5, 6), (35, 33), (29, 30), (67, 65), (58, 59), (32, 34), (64, 63), (60, 3), (76, 13), (77, 4), (94, 92), (99, 73), (17, 18), (54, 55), (61, 62), (66, 68), (74, 23), (89, 24), (11, 12), (9, 10), (44, 43), (70, 69), (95, 97), (2, 98), (53, 52), (36, 31)]
fitness=115879,iteration=0,gap=38.78555602131864,delta=32384,timestamp=7.2959752
fitness=113721,iteration=4,gap=36.20097011797114,delta=30226,timestamp=23.9157517
fitness=112103,iteration=14,gap=34.263129528714295,delta=28608,timestamp=66.9551369
fitness=111671,iteration=47,gap=33.745733277441765,delta=28176,timestamp=208.5128482
fitness=109587,iteration=51,gap=31.24977543565483,delta=26092,timestamp=225.2191417
