optimum=83495
execution_time=300.0453134,start_time=3.2280335,stop_time=303.2733469
[(25, 24), (31, 32), (98, 96), (79, 78), (18, 19), (15, 14), (5, 6), (57, 56), (92, 33), (53, 52), (49, 48), (38, 37), (77, 36), (4, 3), (43, 42), (21, 20), (85, 84), (80, 81), (2, 0), (72, 71), (93, 91), (11, 7), (29, 30), (47, 46), (35, 34), (99, 55), (69, 70), (67, 65), (22, 23), (74, 86), (90, 63), (62, 61), (87, 83), (82, 88), (60, 58), (26, 45), (50, 51), (17, 16), (9, 10), (40, 39), (66, 64), (95, 59), (75, 76), (97, 1), (28, 27), (8, 12), (73, 89), (41, 68), (44, 94), (13, 54)]
fitness=129907,iteration=0,gap=55.586562069585014,delta=46412,timestamp=3.3952795
fitness=122265,iteration=8,gap=46.433918198694535,delta=38770,timestamp=4.708571
fitness=121193,iteration=34,gap=45.15000898257381,delta=37698,timestamp=9.0047462
fitness=119143,iteration=58,gap=42.694772142044435,delta=35648,timestamp=12.9502607
fitness=115861,iteration=68,gap=38.763997844182285,delta=32366,timestamp=14.6092538
fitness=113059,iteration=268,gap=35.40810826995629,delta=29564,timestamp=47.7475693
fitness=112171,iteration=705,gap=34.34457153122942,delta=28676,timestamp=120.944873
