optimum=83495
execution_time=300.3650264,start_time=3.2132432,stop_time=303.5782696
[(21, 22), (5, 6), (86, 82), (52, 53), (2, 1), (8, 10), (77, 78), (95, 54), (49, 48), (24, 26), (70, 72), (17, 14), (80, 79), (29, 30), (85, 84), (62, 61), (4, 3), (50, 51), (96, 94), (42, 43), (39, 40), (18, 13), (28, 27), (97, 0), (32, 33), (65, 66), (11, 9), (16, 15), (38, 37), (59, 58), (41, 93), (47, 46), (88, 83), (63, 64), (44, 45), (71, 69), (20, 19), (76, 75), (73, 89), (92, 91), (67, 98), (74, 87), (90, 23), (34, 36), (57, 56), (99, 55), (31, 35), (68, 25), (7, 12), (60, 81)]
fitness=124167,iteration=0,gap=48.71189891610276,delta=40672,timestamp=4.0398278
fitness=120767,iteration=1,gap=44.63979879034673,delta=37272,timestamp=4.8639896
fitness=117653,iteration=10,gap=40.91023414575723,delta=34158,timestamp=12.2767022
fitness=115165,iteration=22,gap=37.930414994909874,delta=31670,timestamp=22.4211485
fitness=105691,iteration=49,gap=26.583627762141443,delta=22196,timestamp=44.9391466
