optimum=83495
execution_time=301.1743103,start_time=3.2659799,stop_time=304.4402902
[(47, 46), (51, 50), (4, 3), (9, 10), (80, 78), (20, 19), (89, 92), (16, 14), (81, 90), (53, 52), (37, 38), (83, 84), (31, 32), (43, 42), (71, 72), (82, 86), (85, 87), (66, 67), (64, 63), (21, 22), (49, 48), (62, 61), (41, 40), (98, 74), (18, 15), (69, 70), (77, 79), (2, 1), (94, 25), (13, 11), (96, 93), (39, 8), (26, 24), (58, 59), (73, 54), (29, 30), (12, 7), (36, 33), (34, 35), (23, 0), (44, 45), (6, 5), (28, 27), (65, 75), (55, 56), (95, 60), (97, 88), (99, 57), (91, 68), (17, 76)]
fitness=126495,iteration=0,gap=51.50008982573807,delta=43000,timestamp=5.7659203
fitness=118763,iteration=1,gap=42.23965506916581,delta=35268,timestamp=8.2527254
fitness=116203,iteration=6,gap=39.17360320977304,delta=32708,timestamp=20.8242181
fitness=110059,iteration=13,gap=31.815078747230373,delta=26564,timestamp=38.3888791
fitness=109327,iteration=15,gap=30.93837954368525,delta=25832,timestamp=43.9096998
fitness=107923,iteration=69,gap=29.256841727049526,delta=24428,timestamp=182.9238215
fitness=106283,iteration=111,gap=27.292652254626027,delta=22788,timestamp=289.8600708
