optimum=83495
execution_time=300.1152277,start_time=3.3226203,stop_time=303.437848
[(71, 72), (68, 63), (98, 62), (9, 10), (26, 20), (42, 43), (1, 0), (57, 56), (95, 92), (44, 45), (65, 67), (13, 88), (24, 25), (91, 93), (19, 23), (14, 16), (66, 64), (94, 96), (34, 33), (6, 5), (17, 15), (35, 36), (40, 39), (18, 3), (54, 38), (49, 48), (46, 47), (52, 53), (50, 51), (82, 85), (61, 74), (97, 12), (76, 75), (86, 84), (87, 83), (73, 70), (79, 80), (8, 7), (41, 37), (21, 22), (32, 31), (99, 4), (78, 77), (27, 28), (55, 69), (59, 58), (60, 11), (30, 29), (89, 90), (2, 81)]
fitness=141711,iteration=0,gap=69.7239355650039,delta=58216,timestamp=3.4989385
fitness=115017,iteration=1,gap=37.75315887178873,delta=31522,timestamp=3.6691249
fitness=112489,iteration=375,gap=34.72543266063836,delta=28994,timestamp=66.8528935
fitness=111687,iteration=746,gap=33.76489610156297,delta=28192,timestamp=129.5329409
fitness=111015,iteration=1105,gap=32.960057488472366,delta=27520,timestamp=190.9040027
