optimum=83495
execution_time=302.018736,start_time=3.2848275,stop_time=305.3035635
[(58, 59), (62, 61), (84, 85), (27, 28), (80, 78), (76, 3), (23, 22), (67, 65), (8, 7), (89, 90), (12, 9), (48, 49), (83, 87), (34, 33), (99, 95), (54, 56), (42, 43), (98, 92), (11, 10), (40, 39), (19, 20), (31, 32), (97, 2), (55, 57), (15, 16), (69, 71), (66, 63), (41, 37), (73, 70), (30, 29), (35, 36), (91, 93), (38, 94), (88, 82), (64, 68), (86, 96), (47, 46), (1, 0), (44, 45), (14, 17), (13, 60), (24, 25), (77, 79), (52, 53), (26, 21), (51, 50), (18, 75), (5, 6), (74, 81), (4, 72)]
fitness=121203,iteration=0,gap=45.16198574764956,delta=37708,timestamp=7.5138004
fitness=120091,iteration=1,gap=43.83016947122582,delta=36596,timestamp=11.7663036
fitness=107339,iteration=3,gap=28.557398646625547,delta=23844,timestamp=20.2208452
fitness=104939,iteration=36,gap=25.682975028444815,delta=21444,timestamp=164.0461821
