optimum=83495
execution_time=302.3714036,start_time=3.3282736,stop_time=305.6996772
[(23, 22), (9, 10), (38, 37), (19, 20), (68, 76), (75, 93), (50, 51), (39, 40), (34, 33), (77, 78), (44, 43), (74, 62), (24, 25), (1, 0), (91, 86), (47, 46), (21, 2), (84, 85), (88, 96), (65, 66), (4, 3), (57, 56), (29, 30), (61, 67), (94, 64), (79, 80), (8, 7), (5, 6), (71, 72), (27, 28), (63, 36), (81, 82), (17, 16), (73, 70), (87, 83), (54, 55), (45, 42), (92, 35), (52, 69), (89, 90), (32, 31), (53, 60), (48, 49), (14, 15), (13, 18), (11, 12), (99, 95), (97, 26), (59, 58), (41, 98)]
fitness=120015,iteration=0,gap=43.7391460566501,delta=36520,timestamp=7.5051973
fitness=115523,iteration=3,gap=38.359183184621834,delta=32028,timestamp=20.0556252
fitness=109213,iteration=19,gap=30.801844421821666,delta=25718,timestamp=87.5167231
