optimum=83495
execution_time=300.6844999,start_time=3.2504764,stop_time=303.9349763
[(78, 80), (39, 40), (31, 32), (6, 5), (69, 72), (36, 34), (55, 57), (79, 77), (59, 58), (24, 25), (64, 63), (82, 83), (30, 29), (75, 21), (71, 70), (15, 14), (47, 46), (49, 48), (43, 42), (11, 9), (85, 84), (1, 0), (22, 19), (38, 37), (66, 67), (33, 35), (18, 97), (88, 91), (7, 8), (44, 45), (52, 51), (20, 23), (16, 17), (92, 41), (61, 62), (10, 12), (96, 87), (65, 98), (99, 60), (50, 53), (93, 90), (26, 94), (3, 4), (86, 81), (76, 68), (28, 27), (2, 74), (54, 13), (73, 56), (95, 89)]
fitness=131731,iteration=0,gap=57.771124019402365,delta=48236,timestamp=4.0697234
fitness=127293,iteration=1,gap=52.45583567878316,delta=43798,timestamp=4.8990613
fitness=112271,iteration=4,gap=34.464339181986944,delta=28776,timestamp=7.3608114
fitness=108389,iteration=143,gap=29.814958979579615,delta=24894,timestamp=123.2075192
fitness=107887,iteration=224,gap=29.21372537277681,delta=24392,timestamp=193.2551117
