optimum=83495
execution_time=300.0566465,start_time=3.2828998,stop_time=303.3395463
[(46, 47), (14, 16), (62, 61), (97, 90), (95, 4), (35, 36), (1, 0), (27, 28), (49, 48), (38, 37), (68, 65), (11, 10), (66, 67), (75, 76), (88, 82), (78, 80), (69, 71), (64, 63), (53, 51), (5, 6), (98, 43), (72, 70), (55, 57), (22, 23), (12, 9), (92, 15), (99, 89), (41, 40), (32, 31), (24, 25), (18, 17), (8, 7), (2, 3), (74, 85), (58, 59), (73, 54), (52, 50), (21, 26), (39, 42), (93, 84), (34, 33), (83, 86), (44, 45), (29, 30), (56, 60), (81, 79), (94, 87), (20, 19), (96, 91), (13, 77)]
fitness=128615,iteration=0,gap=54.03916402179772,delta=45120,timestamp=3.4574173
fitness=126579,iteration=3,gap=51.60069465237439,delta=43084,timestamp=3.9647793
fitness=126399,iteration=7,gap=51.38511288101084,delta=42904,timestamp=4.6495835
fitness=115145,iteration=17,gap=37.906461464758365,delta=31650,timestamp=6.3430756
fitness=105117,iteration=164,gap=25.89616144679322,delta=21622,timestamp=31.0792086
