optimum=83495
execution_time=300.73665719999997,start_time=3.2386296,stop_time=303.9752868
[(46, 47), (20, 19), (9, 10), (23, 22), (84, 85), (5, 6), (36, 34), (77, 79), (40, 39), (21, 24), (76, 75), (63, 64), (33, 35), (61, 62), (89, 37), (45, 44), (28, 27), (74, 88), (93, 91), (78, 80), (42, 43), (58, 59), (83, 86), (71, 72), (82, 87), (66, 67), (55, 56), (68, 65), (49, 48), (32, 31), (2, 1), (26, 25), (98, 96), (70, 69), (41, 38), (13, 90), (14, 16), (30, 29), (97, 12), (57, 51), (73, 50), (81, 60), (18, 15), (7, 8), (52, 53), (11, 99), (94, 92), (0, 3), (95, 4), (17, 54)]
fitness=124247,iteration=0,gap=48.80771303670878,delta=40752,timestamp=7.4611565
fitness=119295,iteration=1,gap=42.87681897119588,delta=35800,timestamp=11.6536228
fitness=115263,iteration=7,gap=38.04778729265225,delta=31768,timestamp=36.8899141
fitness=115205,iteration=13,gap=37.978322055212885,delta=31710,timestamp=62.8806882
fitness=114437,iteration=16,gap=37.05850649739506,delta=30942,timestamp=76.6723023
fitness=113349,iteration=24,gap=35.75543445715312,delta=29854,timestamp=112.7255686
fitness=112933,iteration=64,gap=35.257201030001795,delta=29438,timestamp=283.3648651
