optimum=83495
execution_time=301.357327,start_time=3.3239369,stop_time=304.6812639
[(50, 48), (43, 42), (1, 0), (22, 19), (83, 85), (25, 26), (81, 63), (15, 16), (87, 84), (24, 23), (47, 46), (38, 37), (79, 78), (68, 76), (70, 72), (55, 56), (44, 45), (30, 29), (73, 69), (8, 10), (27, 28), (77, 80), (60, 58), (82, 86), (9, 12), (3, 4), (31, 32), (5, 6), (71, 99), (14, 17), (62, 61), (13, 90), (94, 75), (67, 65), (92, 2), (7, 11), (33, 34), (52, 49), (96, 93), (64, 66), (35, 36), (40, 39), (20, 21), (88, 91), (97, 18), (89, 41), (98, 74), (51, 53), (59, 95), (57, 54)]
fitness=112649,iteration=0,gap=34.91706090185041,delta=29154,timestamp=5.849857
fitness=110861,iteration=53,gap=32.77561530630577,delta=27366,timestamp=144.1188909
