optimum=83495
execution_time=300.6161313,start_time=3.3046152,stop_time=303.9207465
[(80, 78), (90, 74), (28, 27), (26, 25), (20, 19), (86, 84), (98, 13), (32, 36), (33, 34), (66, 65), (42, 43), (72, 70), (45, 44), (23, 22), (81, 0), (46, 47), (52, 53), (10, 9), (8, 11), (56, 57), (85, 83), (17, 16), (35, 31), (51, 50), (91, 97), (24, 12), (62, 61), (7, 3), (88, 60), (99, 69), (14, 15), (2, 1), (29, 30), (39, 40), (73, 71), (68, 63), (67, 64), (5, 6), (75, 76), (89, 92), (82, 87), (58, 59), (55, 54), (21, 38), (37, 41), (4, 95), (77, 79), (94, 96), (93, 18), (48, 49)]
fitness=125255,iteration=0,gap=50.0149709563447,delta=41760,timestamp=4.1499823
fitness=118805,iteration=1,gap=42.28995748248398,delta=35310,timestamp=4.9813014
fitness=115811,iteration=18,gap=38.70411401880352,delta=32316,timestamp=19.1350837
fitness=114547,iteration=19,gap=37.19025091322833,delta=31052,timestamp=19.9860014
fitness=111605,iteration=33,gap=33.66668662794179,delta=28110,timestamp=31.7590355
fitness=110831,iteration=247,gap=32.73968501107851,delta=27336,timestamp=214.8714566
