optimum=83495
execution_time=300.6909436,start_time=3.1959106,stop_time=303.8868542
[(70, 72), (30, 29), (61, 62), (77, 80), (74, 92), (31, 36), (35, 34), (16, 14), (87, 84), (17, 15), (68, 67), (39, 40), (85, 83), (71, 69), (0, 1), (22, 21), (6, 5), (89, 90), (9, 10), (24, 25), (11, 12), (86, 82), (73, 51), (26, 18), (98, 65), (44, 43), (46, 47), (76, 97), (93, 88), (2, 3), (79, 78), (94, 63), (54, 56), (7, 8), (99, 53), (96, 32), (41, 37), (52, 50), (66, 64), (42, 45), (48, 49), (81, 23), (60, 59), (75, 91), (20, 19), (28, 27), (33, 38), (57, 55), (4, 13), (58, 95)]
fitness=119813,iteration=0,gap=43.497215402119885,delta=36318,timestamp=4.0180638
fitness=115277,iteration=2,gap=38.06455476375831,delta=31782,timestamp=5.6563898
fitness=111213,iteration=35,gap=33.197197436972274,delta=27718,timestamp=33.0066081
