optimum=83495
execution_time=300.6478235,start_time=3.244719,stop_time=303.8925425
[(47, 46), (26, 25), (57, 56), (35, 36), (28, 27), (66, 67), (1, 0), (17, 14), (74, 23), (83, 84), (96, 61), (69, 71), (95, 4), (89, 41), (75, 76), (37, 38), (44, 43), (70, 72), (20, 19), (30, 29), (79, 78), (12, 10), (88, 86), (82, 85), (50, 52), (91, 93), (53, 51), (16, 15), (6, 5), (48, 49), (33, 34), (80, 77), (64, 63), (11, 9), (7, 8), (99, 60), (65, 62), (45, 42), (31, 32), (40, 39), (81, 98), (21, 22), (3, 2), (94, 90), (97, 18), (58, 59), (55, 92), (24, 87), (68, 13), (54, 73)]
fitness=116299,iteration=0,gap=39.288580154500266,delta=32804,timestamp=5.7211129
fitness=111421,iteration=15,gap=33.446314150547934,delta=27926,timestamp=43.3889815
fitness=108279,iteration=47,gap=29.68321456374633,delta=24784,timestamp=124.827542
fitness=107393,iteration=79,gap=28.62207317803461,delta=23898,timestamp=207.9391161
