optimum=34198
execution_time=300.1731167,start_time=1.3802327,stop_time=301.5533494
[(9, 5), (39, 37), (17, 16), (0, 3), (22, 25), (47, 21), (40, 41), (20, 19), (14, 15), (43, 45), (30, 31), (34, 35), (8, 7), (1, 2), (32, 33), (28, 29), (10, 11), (12, 13), (26, 24), (27, 18), (38, 36), (42, 46), (44, 49), (23, 48), (6, 4)]
fitness=37608,iteration=0,gap=9.97134335341248,delta=3410,timestamp=2.5475187
fitness=36520,iteration=1,gap=6.789870752675594,delta=2322,timestamp=3.7288164
fitness=34524,iteration=2,gap=0.953272121176677,delta=326,timestamp=4.8962791
fitness=34280,iteration=99,gap=0.23978010409965497,delta=82,timestamp=111.0117321
