optimum=19032
execution_time=0.001718699999999962,start_time=0.6968102,stop_time=0.6985289
[(19, 20), (21, 22), (24, 26), (10, 9), (8, 7), (11, 12), (1, 0), (18, 17), (14, 13), (4, 2), (15, 16), (3, 6), (23, 25), (29, 5), (27, 28)]
fitness=19032,iteration=0,gap=0.0,delta=0,timestamp=0.6985039
