optimum=20892
execution_time=0.002454999999999874,start_time=1.002639,stop_time=1.005094
[(26, 28), (4, 5), (6, 10), (19, 20), (16, 15), (27, 25), (31, 30), (2, 0), (36, 35), (8, 9), (18, 17), (14, 13), (1, 3), (33, 32), (21, 22), (24, 23), (37, 34), (12, 11), (38, 7), (29, 39)]
fitness=22066,iteration=0,gap=5.619375837641202,delta=1174,timestamp=1.0050599
