optimum=83495
execution_time=0.007235300000000056,start_time=2.5752732,stop_time=2.5825085
[(56, 57), (80, 78), (64, 63), (91, 93), (52, 53), (7, 8), (70, 72), (33, 34), (51, 50), (0, 1), (39, 40), (10, 9), (20, 19), (14, 16), (3, 4), (12, 11), (23, 22), (27, 28), (67, 66), (37, 38), (76, 75), (49, 48), (58, 59), (42, 43), (35, 36), (30, 29), (95, 60), (61, 62), (47, 46), (79, 77), (84, 85), (69, 71), (25, 24), (44, 45), (86, 83), (5, 6), (65, 68), (32, 31), (98, 92), (15, 17), (99, 55), (82, 87), (88, 90), (26, 21), (18, 2), (81, 13), (94, 96), (97, 74), (41, 89), (54, 73)]
fitness=86513,iteration=0,gap=3.614587699862267,delta=3018,timestamp=2.5824699
