optimum=69731
execution_time=0.0054235000000000255,start_time=2.0750639,stop_time=2.0804874
[(73, 74), (3, 2), (83, 89), (58, 59), (84, 82), (15, 17), (41, 40), (56, 57), (21, 22), (75, 76), (64, 65), (78, 79), (26, 27), (80, 81), (53, 52), (51, 50), (33, 35), (9, 11), (39, 38), (60, 61), (10, 8), (45, 46), (36, 34), (4, 5), (48, 47), (14, 16), (0, 1), (28, 29), (55, 54), (70, 69), (72, 71), (23, 20), (24, 19), (67, 68), (6, 7), (62, 63), (44, 43), (31, 30), (86, 25), (49, 13), (37, 42), (85, 88), (32, 18), (77, 66), (12, 87)]
fitness=71779,iteration=0,gap=2.937000760063673,delta=2048,timestamp=2.0804518
