optimum=19032
execution_time=0.001753400000000016,start_time=0.7087214,stop_time=0.7104748
[(8, 7), (13, 12), (26, 24), (15, 16), (17, 18), (10, 9), (22, 21), (4, 2), (0, 1), (25, 23), (14, 11), (6, 3), (20, 19), (29, 5), (27, 28)]
fitness=19032,iteration=0,gap=0.0,delta=0,timestamp=0.7104391
