optimum=11758
execution_time=0.044327100000000064,start_time=0.7681701,stop_time=0.8124972
[(18, 14), (17, 16), (15, 12), (13, 19), (3, 2), (4, 5), (0, 1), (10, 11), (9, 8), (7, 6)]
fitness=11758,iteration=0,gap=0.0,delta=0,timestamp=0.812416
