optimum=42382
execution_time=0.004544699999999846,start_time=1.2194906,stop_time=1.2240353
[(59, 57), (15, 14), (5, 4), (0, 1), (47, 51), (18, 19), (23, 25), (29, 31), (20, 16), (38, 37), (50, 49), (53, 54), (39, 40), (17, 21), (9, 11), (52, 55), (3, 2), (33, 34), (45, 44), (35, 36), (7, 6), (12, 10), (30, 28), (13, 56), (43, 46), (58, 32), (24, 26), (42, 41), (22, 48), (8, 27)]
fitness=44666,iteration=0,gap=5.389080269925912,delta=2284,timestamp=1.2240019
