optimum=42382
execution_time=0.004237799999999847,start_time=1.0300028,stop_time=1.0342406
[(19, 18), (20, 16), (59, 57), (54, 53), (44, 45), (55, 52), (50, 49), (9, 11), (33, 34), (10, 12), (1, 0), (17, 21), (43, 46), (5, 4), (36, 35), (47, 51), (40, 39), (15, 14), (3, 2), (29, 31), (38, 37), (25, 23), (7, 6), (24, 26), (30, 28), (42, 41), (13, 56), (32, 58), (22, 48), (8, 27)]
fitness=44666,iteration=0,gap=5.389080269925912,delta=2284,timestamp=1.0341955
