optimum=11758
execution_time=0.0007072000000000189,start_time=0.5802798,stop_time=0.580987
[(1, 0), (4, 5), (14, 12), (10, 11), (3, 2), (17, 16), (8, 9), (15, 18), (7, 6), (19, 13)]
fitness=11758,iteration=0,gap=0.0,delta=0,timestamp=0.580962
