optimum=11758
execution_time=0.025207199999999985,start_time=0.470604,stop_time=0.4958112
[(1, 0), (7, 5), (2, 3), (18, 12), (4, 6), (9, 8), (10, 11), (14, 15), (17, 16), (19, 13)]
fitness=11758,iteration=0,gap=0.0,delta=0,timestamp=0.4957666
