optimum=1994
execution_time=0.010761600000000038,start_time=0.5766116,stop_time=0.5873732
[(4, 6), (9, 8), (0, 1), (3, 2), (5, 7)]
fitness=1994,iteration=0,gap=0.0,delta=0,timestamp=0.587297
