optimum=34198
execution_time=0.00222140000000004,start_time=0.8518853,stop_time=0.8541067
[(35, 34), (45, 43), (17, 16), (7, 8), (13, 12), (29, 28), (2, 0), (9, 5), (18, 20), (42, 44), (3, 1), (25, 22), (11, 10), (32, 33), (41, 40), (38, 36), (37, 39), (30, 31), (4, 6), (15, 14), (26, 24), (21, 19), (27, 47), (46, 49), (23, 48)]
fitness=35336,iteration=0,gap=3.327679981285455,delta=1138,timestamp=0.8540756
