optimum=104772
execution_time=0.006604000000000276,start_time=5.6829057,stop_time=5.6895097
[(143, 141), (52, 51), (35, 36), (123, 122), (88, 90), (135, 134), (38, 37), (19, 20), (96, 98), (80, 81), (101, 99), (70, 68), (106, 107), (43, 44), (78, 77), (28, 29), (136, 133), (84, 85), (53, 56), (132, 137), (61, 65), (118, 119), (82, 83), (102, 100), (76, 79), (41, 40), (109, 108), (27, 26), (72, 71), (147, 103), (86, 87), (59, 60), (110, 112), (95, 97), (32, 33), (142, 139), (104, 105), (57, 31), (1, 0), (22, 21), (24, 23), (47, 46), (93, 92), (42, 45), (10, 11), (48, 50), (126, 127), (8, 9), (128, 125), (121, 120), (64, 63), (113, 114), (13, 14), (17, 18), (2, 3), (6, 7), (124, 131), (74, 75), (116, 117), (115, 111), (39, 34), (49, 55), (16, 15), (73, 67), (130, 129), (66, 62), (94, 149), (5, 4), (30, 91), (148, 140), (145, 138), (25, 54), (146, 12), (144, 58), (89, 69)]
fitness=105824,iteration=0,gap=1.004085060894132,delta=1052,timestamp=5.6894781
