optimum=34198
execution_time=0.0026143000000000693,start_time=0.9279335,stop_time=0.9305478
[(43, 45), (31, 30), (40, 41), (29, 28), (15, 14), (25, 22), (32, 33), (19, 20), (35, 34), (7, 8), (44, 42), (16, 17), (5, 9), (24, 26), (10, 11), (2, 0), (1, 3), (12, 13), (18, 21), (36, 38), (37, 39), (6, 4), (27, 47), (46, 49), (23, 48)]
fitness=35336,iteration=0,gap=3.327679981285455,delta=1138,timestamp=0.9305213
