optimum=34198
execution_time=0.0032982999999999763,start_time=0.9389728,stop_time=0.9422711
[(2, 0), (8, 7), (31, 30), (43, 45), (12, 13), (9, 5), (11, 10), (42, 44), (34, 35), (14, 15), (33, 32), (28, 29), (38, 36), (39, 37), (1, 3), (4, 6), (19, 18), (22, 25), (17, 16), (40, 41), (24, 26), (21, 20), (47, 27), (46, 49), (48, 23)]
fitness=35336,iteration=0,gap=3.327679981285455,delta=1138,timestamp=0.9422331
