optimum=11758
execution_time=0.041289599999999926,start_time=0.6010891,stop_time=0.6423787
[(3, 2), (11, 10), (16, 17), (7, 4), (15, 18), (14, 12), (6, 5), (9, 8), (19, 13), (0, 1)]
fitness=11758,iteration=0,gap=0.0,delta=0,timestamp=0.6422602
