optimum=1994
execution_time=0.0396396,start_time=0.5470098,stop_time=0.5866494
[(4, 7), (9, 8), (6, 5), (2, 3), (1, 0)]
fitness=1994.0,iteration=0,gap=0.0,delta=0.0,timestamp=0.5866222
