optimum=20892
execution_time=0.002747000000000055,start_time=0.8001712,stop_time=0.8029182
[(17, 18), (14, 13), (5, 4), (10, 6), (35, 36), (19, 20), (9, 8), (22, 21), (16, 15), (11, 12), (30, 31), (0, 2), (28, 26), (32, 33), (24, 23), (1, 3), (34, 37), (25, 27), (7, 38), (29, 39)]
fitness=22066,iteration=0,gap=5.619375837641202,delta=1174,timestamp=0.802881
