optimum=130178
execution_time=0.014811200000000468,start_time=13.522318,stop_time=13.5371292
[(46, 45), (41, 42), (158, 159), (129, 130), (112, 111), (113, 114), (117, 118), (144, 141), (96, 95), (161, 160), (74, 72), (93, 94), (116, 115), (100, 101), (79, 80), (90, 89), (62, 63), (162, 163), (33, 34), (83, 84), (187, 185), (142, 143), (121, 122), (106, 105), (127, 126), (2, 4), (132, 131), (151, 152), (146, 145), (0, 1), (57, 58), (8, 11), (176, 177), (97, 98), (87, 88), (179, 178), (50, 49), (195, 191), (182, 183), (199, 197), (82, 81), (38, 40), (6, 5), (3, 7), (157, 154), (164, 165), (119, 120), (147, 148), (170, 169), (150, 149), (137, 138), (68, 67), (153, 155), (103, 102), (14, 15), (109, 107), (92, 25), (85, 86), (28, 30), (139, 140), (173, 172), (39, 43), (71, 70), (54, 55), (37, 36), (136, 135), (91, 156), (181, 180), (10, 9), (51, 52), (13, 16), (124, 123), (108, 110), (186, 190), (59, 56), (20, 21), (65, 64), (174, 171), (22, 19), (29, 27), (168, 167), (31, 32), (188, 194), (134, 133), (12, 17), (76, 73), (99, 104), (60, 61), (69, 23), (198, 166), (193, 128), (47, 35), (26, 24), (192, 175), (125, 77), (18, 196), (44, 66), (189, 78), (48, 184), (53, 75)]
fitness=134640,iteration=0,gap=3.4276144970732383,delta=4462,timestamp=13.5370917
