optimum=83495
execution_time=300.617047,start_time=2.5730779,stop_time=303.1901249
[(64, 63), (61, 62), (54, 68), (2, 0), (67, 65), (72, 70), (96, 98), (51, 50), (3, 80), (46, 47), (73, 71), (94, 83), (15, 16), (22, 23), (35, 33), (59, 58), (85, 84), (93, 32), (21, 20), (24, 25), (95, 4), (45, 42), (75, 76), (31, 36), (9, 10), (66, 97), (55, 57), (11, 12), (87, 86), (37, 38), (90, 74), (7, 8), (79, 77), (78, 81), (28, 27), (43, 44), (88, 82), (14, 17), (99, 60), (41, 40), (53, 52), (18, 19), (89, 26), (13, 92), (5, 6), (30, 29), (48, 49), (1, 91), (39, 34), (56, 69)]
fitness=124153,iteration=0,gap=48.69513144499671,delta=40658,timestamp=3.3262073
fitness=118039,iteration=2,gap=41.372537277681296,delta=34544,timestamp=4.7315455
fitness=116665,iteration=11,gap=39.72692975627283,delta=33170,timestamp=11.0013998
fitness=115491,iteration=33,gap=38.32085753637942,delta=31996,timestamp=27.1171962
fitness=113549,iteration=91,gap=35.994969758668184,delta=30054,timestamp=66.6424283
fitness=110839,iteration=112,gap=32.74926642313911,delta=27344,timestamp=80.1193298
fitness=108913,iteration=228,gap=30.442541469549074,delta=25418,timestamp=150.5782598
