optimum=1994
execution_time=0.038121300000000025,start_time=0.6283039,stop_time=0.6664252
[(8, 9), (0, 1), (5, 4), (2, 3), (7, 6)]
fitness=1994.0,iteration=0,gap=0.0,delta=0.0,timestamp=0.6663901
