optimum=11758
execution_time=0.044491200000000064,start_time=0.6570244,stop_time=0.7015156
[(12, 14), (8, 9), (3, 2), (6, 5), (1, 0), (19, 13), (18, 15), (16, 17), (10, 11), (7, 4)]
fitness=11758,iteration=0,gap=0.0,delta=0,timestamp=0.7014486
