optimum=47234
execution_time=0.005422199999999933,start_time=1.5674733,stop_time=1.5728955
[(23, 25), (58, 57), (6, 4), (64, 67), (17, 16), (8, 11), (30, 31), (14, 15), (29, 32), (28, 33), (46, 50), (9, 10), (18, 19), (41, 40), (49, 48), (22, 21), (52, 51), (55, 56), (24, 26), (3, 2), (34, 35), (60, 62), (38, 39), (37, 36), (54, 53), (61, 59), (0, 1), (45, 44), (5, 7), (65, 27), (13, 69), (42, 43), (63, 20), (66, 47), (68, 12)]
fitness=47252,iteration=0,gap=0.03810814243976796,delta=18,timestamp=1.5728632
