optimum=1994
execution_time=0.0006382000000000332,start_time=0.7664499,stop_time=0.7670881
[(9, 8), (4, 6), (1, 0), (2, 3), (7, 5)]
fitness=1994,iteration=0,gap=0.0,delta=0,timestamp=0.7670655
