optimum=83495
execution_time=0.007313600000000253,start_time=2.579039,stop_time=2.5863526
[(84, 85), (58, 59), (42, 43), (57, 56), (64, 63), (34, 33), (93, 91), (62, 61), (80, 78), (5, 6), (28, 27), (70, 72), (36, 35), (71, 69), (45, 44), (52, 53), (37, 38), (65, 66), (39, 40), (4, 3), (1, 0), (9, 10), (30, 29), (16, 14), (25, 24), (32, 31), (51, 50), (49, 48), (76, 75), (7, 8), (86, 83), (22, 23), (77, 79), (46, 47), (20, 19), (67, 68), (98, 92), (12, 11), (26, 21), (95, 60), (13, 81), (15, 17), (87, 82), (88, 90), (96, 94), (55, 99), (18, 2), (74, 97), (89, 41), (73, 54)]
fitness=86513,iteration=0,gap=3.614587699862267,delta=3018,timestamp=2.5863179
