optimum=20892
execution_time=10.865691700000001,start_time=0.6750408,stop_time=11.5407325
[(8, 9), (25, 28), (33, 32), (1, 0), (35, 36), (20, 19), (17, 18), (31, 30), (21, 22), (11, 10), (3, 2), (4, 5), (38, 37), (26, 27), (14, 13), (23, 24), (16, 15), (7, 34), (12, 6), (29, 39)]
fitness=24090,iteration=0,gap=15.307294658242391,delta=3198,timestamp=0.8164807
fitness=21236,iteration=1,gap=1.646563277809688,delta=344,timestamp=0.9413495
fitness=21204,iteration=68,gap=1.4933946008041357,delta=312,timestamp=9.1090681
fitness=20892,iteration=88,gap=0.0,delta=0,timestamp=11.5406573
