optimum=130178
execution_time=300.8518809,start_time=13.4547563,stop_time=314.3066372
[(171, 173), (3, 2), (98, 97), (199, 91), (19, 21), (68, 67), (122, 121), (123, 176), (135, 136), (162, 163), (132, 131), (184, 182), (106, 82), (120, 119), (88, 90), (86, 84), (193, 24), (62, 63), (17, 13), (27, 29), (179, 178), (40, 41), (160, 161), (60, 57), (159, 158), (95, 96), (100, 101), (170, 169), (104, 103), (4, 0), (49, 50), (85, 83), (81, 59), (114, 111), (192, 66), (43, 46), (185, 8), (146, 145), (196, 189), (48, 74), (150, 149), (126, 127), (44, 186), (113, 112), (174, 172), (107, 109), (10, 9), (190, 102), (137, 138), (167, 168), (15, 14), (61, 58), (76, 72), (140, 139), (22, 20), (154, 157), (156, 153), (42, 38), (118, 117), (165, 164), (183, 26), (16, 12), (152, 151), (33, 34), (18, 7), (53, 52), (65, 64), (155, 198), (116, 115), (51, 11), (105, 5), (32, 78), (166, 191), (30, 28), (31, 99), (144, 142), (39, 45), (130, 129), (128, 1), (195, 188), (80, 79), (92, 194), (77, 125), (93, 94), (110, 108), (47, 6), (73, 71), (177, 175), (56, 69), (181, 180), (187, 143), (133, 134), (55, 54), (36, 124), (70, 25), (37, 35), (75, 23), (197, 141), (87, 89), (147, 148)]
fitness=249700,iteration=0,gap=91.81428505584661,delta=119522,timestamp=16.0799665
fitness=247130,iteration=3,gap=89.84006514157538,delta=116952,timestamp=23.9430098
fitness=246380,iteration=4,gap=89.26393092534836,delta=116202,timestamp=26.631313
fitness=241890,iteration=8,gap=85.81480741753599,delta=111712,timestamp=37.1188558
fitness=241538,iteration=11,gap=85.54440842538678,delta=111360,timestamp=45.7168322
fitness=235184,iteration=23,gap=80.66339934551154,delta=105006,timestamp=83.9570334
fitness=225632,iteration=28,gap=73.3257539676443,delta=95454,timestamp=98.9949838
fitness=217644,iteration=83,gap=67.18954047534915,delta=87466,timestamp=259.1921003
