optimum=104772
execution_time=0.010972899999999619,start_time=7.9066538,stop_time=7.9176267
[(1, 0), (120, 121), (36, 35), (126, 127), (47, 46), (56, 55), (70, 69), (116, 117), (134, 135), (113, 114), (125, 128), (98, 97), (64, 63), (92, 93), (44, 43), (32, 33), (74, 75), (20, 19), (119, 118), (87, 86), (95, 96), (81, 80), (3, 2), (99, 101), (109, 108), (60, 59), (51, 50), (18, 17), (61, 65), (122, 123), (37, 38), (11, 10), (90, 88), (23, 24), (14, 13), (106, 107), (143, 141), (79, 76), (16, 15), (136, 133), (78, 77), (85, 84), (28, 29), (100, 102), (71, 72), (111, 112), (83, 82), (57, 31), (103, 147), (27, 26), (6, 7), (9, 8), (40, 41), (110, 115), (105, 104), (73, 67), (132, 137), (30, 91), (52, 48), (21, 22), (142, 139), (140, 148), (124, 131), (34, 39), (145, 138), (5, 4), (130, 129), (53, 49), (45, 42), (66, 62), (94, 149), (25, 54), (146, 12), (58, 144), (68, 89)]
fitness=105824,iteration=0,gap=1.004085060894132,delta=1052,timestamp=7.9175887
