optimum=19032
execution_time=0.2053547,start_time=0.6644975,stop_time=0.8698522
[(23, 26), (12, 13), (0, 1), (4, 2), (8, 7), (18, 17), (9, 10), (15, 16), (14, 11), (20, 19), (24, 25), (5, 29), (3, 6), (22, 21), (27, 28)]
fitness=19714,iteration=0,gap=3.5834384195039934,delta=682,timestamp=0.7380666
fitness=19032,iteration=2,gap=0.0,delta=0,timestamp=0.8698011
