optimum=130178
execution_time=300.92989109999996,start_time=17.0974863,stop_time=318.0273774
[(2, 4), (128, 127), (140, 139), (9, 10), (56, 59), (107, 109), (153, 155), (148, 147), (166, 164), (116, 138), (72, 74), (102, 103), (42, 41), (76, 71), (174, 173), (43, 45), (11, 8), (168, 169), (36, 12), (185, 193), (60, 58), (134, 132), (198, 191), (13, 14), (142, 143), (90, 89), (84, 83), (19, 20), (124, 162), (121, 122), (6, 5), (181, 180), (161, 160), (118, 117), (163, 47), (92, 25), (182, 183), (176, 177), (187, 95), (1, 0), (146, 145), (80, 79), (141, 144), (105, 106), (179, 178), (73, 70), (15, 16), (101, 100), (22, 21), (110, 108), (192, 97), (50, 49), (135, 136), (91, 87), (171, 172), (54, 175), (93, 94), (57, 61), (31, 32), (167, 170), (40, 38), (68, 67), (62, 63), (55, 23), (151, 152), (3, 184), (34, 33), (186, 126), (85, 86), (154, 157), (156, 66), (159, 158), (131, 133), (51, 52), (123, 112), (69, 18), (189, 188), (78, 104), (199, 99), (44, 75), (129, 130), (27, 29), (115, 111), (65, 64), (35, 37), (114, 113), (194, 96), (81, 82), (98, 120), (48, 39), (88, 46), (149, 150), (195, 30), (137, 196), (7, 17), (119, 125), (28, 26), (53, 77), (197, 24), (165, 190)]
fitness=256620,iteration=0,gap=97.13008342423451,delta=126442,timestamp=20.3718401
fitness=246586,iteration=2,gap=89.42217579007206,delta=116408,timestamp=27.0506911
fitness=239916,iteration=8,gap=84.29842216042648,delta=109738,timestamp=47.087623
fitness=233228,iteration=13,gap=79.16084130959148,delta=103050,timestamp=63.5757654
fitness=227278,iteration=25,gap=74.59017652752385,delta=97100,timestamp=99.8083275
fitness=217312,iteration=48,gap=66.93450506229931,delta=87134,timestamp=166.580274
