optimum=19032
execution_time=0.21038119999999993,start_time=0.6755702,stop_time=0.8859514
[(3, 2), (5, 29), (25, 26), (12, 13), (1, 0), (15, 16), (21, 22), (10, 9), (4, 6), (14, 11), (7, 8), (19, 20), (23, 24), (18, 17), (27, 28)]
fitness=20512,iteration=0,gap=7.776376628835645,delta=1480,timestamp=0.7426116
fitness=19344,iteration=1,gap=1.639344262295082,delta=312,timestamp=0.8191603
fitness=19032,iteration=2,gap=0.0,delta=0,timestamp=0.8858784
