optimum=42382
execution_time=0.002951600000000054,start_time=1.0119002,stop_time=1.0148518
[(5, 4), (33, 34), (9, 11), (40, 39), (2, 3), (31, 29), (14, 15), (37, 38), (35, 36), (47, 51), (10, 12), (23, 25), (24, 26), (59, 57), (20, 16), (44, 45), (54, 53), (19, 18), (49, 50), (28, 30), (0, 1), (17, 21), (52, 55), (7, 6), (56, 13), (32, 58), (46, 43), (42, 41), (48, 22), (27, 8)]
fitness=44666,iteration=0,gap=5.389080269925912,delta=2284,timestamp=1.0148244
