optimum=83495
execution_time=0.006193999999999811,start_time=2.3800791,stop_time=2.3862731
[(33, 34), (25, 24), (6, 5), (1, 0), (63, 64), (3, 4), (43, 42), (47, 46), (66, 65), (19, 20), (75, 76), (78, 80), (36, 35), (7, 8), (49, 48), (50, 51), (85, 84), (58, 59), (62, 61), (32, 31), (53, 52), (91, 93), (9, 10), (23, 22), (29, 30), (70, 72), (40, 39), (92, 98), (27, 28), (16, 14), (83, 86), (69, 71), (77, 79), (12, 11), (45, 44), (87, 82), (56, 57), (67, 68), (37, 38), (15, 17), (95, 60), (26, 21), (18, 2), (55, 99), (96, 94), (88, 90), (13, 81), (74, 97), (41, 89), (73, 54)]
fitness=86513,iteration=0,gap=3.614587699862267,delta=3018,timestamp=2.386235
