optimum=1994
execution_time=0.04541010000000001,start_time=0.5790474,stop_time=0.6244575
[(0, 1), (7, 5), (3, 2), (9, 8), (4, 6)]
fitness=1994.0,iteration=0,gap=0.0,delta=0.0,timestamp=0.6244248
