optimum=104772
execution_time=0.009203799999999873,start_time=6.2294862,stop_time=6.23869
[(107, 106), (69, 68), (120, 121), (118, 119), (143, 141), (11, 10), (98, 97), (95, 96), (32, 33), (105, 104), (20, 19), (8, 9), (2, 3), (23, 24), (56, 53), (112, 111), (74, 75), (17, 18), (84, 85), (78, 77), (76, 79), (51, 50), (72, 71), (37, 38), (0, 1), (113, 114), (35, 36), (73, 67), (123, 122), (88, 90), (61, 65), (29, 28), (134, 135), (13, 14), (116, 117), (41, 40), (15, 16), (126, 127), (99, 101), (44, 43), (34, 39), (82, 83), (64, 63), (86, 87), (92, 93), (52, 48), (81, 80), (22, 21), (125, 128), (47, 46), (45, 42), (27, 26), (108, 109), (102, 100), (60, 59), (31, 57), (147, 103), (49, 55), (110, 115), (148, 140), (66, 62), (136, 133), (91, 30), (6, 7), (94, 149), (4, 5), (132, 137), (139, 142), (131, 124), (129, 130), (145, 138), (54, 25), (146, 12), (144, 58), (70, 89)]
fitness=105824,iteration=0,gap=1.004085060894132,delta=1052,timestamp=6.2386552
