optimum=1994
execution_time=0.04042809999999997,start_time=0.6329886,stop_time=0.6734167
[(0, 1), (3, 2), (8, 9), (4, 7), (5, 6)]
fitness=1994.0,iteration=0,gap=0.0,delta=0.0,timestamp=0.6733799
