optimum=104772
execution_time=300.2517183,start_time=7.0018265,stop_time=307.2535448
[(2, 3), (21, 22), (99, 102), (37, 38), (23, 24), (149, 61), (119, 118), (17, 18), (97, 96), (89, 59), (133, 135), (121, 132), (48, 50), (90, 88), (117, 116), (5, 4), (115, 112), (136, 134), (85, 87), (28, 29), (104, 105), (68, 70), (60, 57), (31, 144), (91, 30), (100, 101), (43, 44), (98, 95), (26, 27), (82, 83), (75, 74), (120, 103), (129, 127), (0, 15), (78, 77), (12, 11), (108, 109), (47, 46), (34, 35), (63, 66), (20, 19), (130, 64), (125, 126), (10, 8), (107, 106), (142, 137), (81, 80), (141, 148), (84, 86), (111, 110), (122, 123), (7, 6), (16, 36), (92, 93), (114, 113), (40, 41), (9, 39), (147, 139), (52, 51), (32, 33), (76, 79), (143, 72), (65, 62), (14, 13), (138, 42), (146, 131), (94, 56), (58, 53), (49, 55), (25, 71), (67, 73), (54, 145), (140, 1), (69, 45), (128, 124)]
fitness=188254,iteration=0,gap=79.67968541213301,delta=83482,timestamp=8.6478918
fitness=177814,iteration=1,gap=69.71519108158668,delta=73042,timestamp=10.2883278
fitness=176420,iteration=2,gap=68.38468293055396,delta=71648,timestamp=11.9787732
fitness=171098,iteration=4,gap=63.305081510327184,delta=66326,timestamp=15.2775857
fitness=164694,iteration=7,gap=57.19276142480816,delta=59922,timestamp=20.1894194
fitness=157244,iteration=43,gap=50.08208299927461,delta=52472,timestamp=79.111542
