optimum=42382
execution_time=0.00409550000000003,start_time=1.0750622,stop_time=1.0791577
[(20, 16), (45, 44), (23, 25), (14, 15), (50, 49), (40, 39), (43, 46), (4, 5), (53, 54), (35, 36), (31, 29), (51, 47), (55, 52), (2, 3), (59, 57), (28, 30), (34, 33), (38, 37), (9, 11), (41, 42), (18, 19), (1, 0), (26, 24), (10, 12), (21, 17), (7, 6), (13, 56), (58, 32), (22, 48), (8, 27)]
fitness=44666,iteration=0,gap=5.389080269925912,delta=2284,timestamp=1.0791223
