optimum=104772
execution_time=300.6990128,start_time=8.0315405,stop_time=308.7305533
[(44, 43), (86, 84), (134, 135), (1, 16), (27, 26), (70, 68), (122, 123), (108, 109), (126, 127), (60, 59), (147, 140), (56, 53), (110, 111), (62, 65), (78, 77), (22, 20), (3, 2), (33, 32), (49, 48), (82, 83), (57, 31), (97, 98), (92, 93), (40, 41), (64, 61), (117, 116), (5, 7), (145, 103), (105, 104), (8, 9), (99, 101), (107, 106), (75, 74), (146, 118), (119, 141), (137, 133), (47, 144), (136, 132), (80, 81), (95, 96), (148, 54), (25, 23), (21, 19), (36, 35), (34, 24), (91, 88), (28, 29), (71, 72), (6, 4), (124, 112), (42, 66), (143, 138), (14, 13), (125, 128), (100, 102), (85, 87), (10, 11), (120, 121), (89, 67), (76, 79), (69, 129), (18, 17), (139, 142), (73, 0), (130, 58), (131, 113), (45, 39), (30, 90), (38, 37), (52, 50), (114, 115), (94, 63), (55, 51), (15, 12), (149, 46)]
fitness=182334,iteration=0,gap=74.02932081090367,delta=77562,timestamp=9.9303214
fitness=173482,iteration=1,gap=65.58049860649791,delta=68710,timestamp=11.8271685
fitness=166118,iteration=2,gap=58.551903180238995,delta=61346,timestamp=13.7652174
fitness=162806,iteration=4,gap=55.390753254686366,delta=58034,timestamp=17.5782563
fitness=147826,iteration=23,gap=41.09304012522429,delta=43054,timestamp=52.8019112
fitness=143284,iteration=174,gap=36.757912419348685,delta=38512,timestamp=293.508752
