optimum=53538
execution_time=300.3645699,start_time=1.7978784,stop_time=302.1624483
[(13, 24), (19, 14), (51, 50), (36, 32), (60, 61), (35, 34), (40, 41), (26, 27), (9, 11), (20, 7), (55, 54), (16, 17), (3, 2), (38, 39), (43, 44), (33, 31), (58, 59), (5, 6), (76, 0), (10, 8), (72, 71), (68, 67), (28, 29), (25, 21), (18, 15), (23, 22), (37, 75), (70, 69), (4, 1), (46, 47), (63, 62), (52, 53), (74, 78), (12, 77), (56, 57), (48, 49), (73, 45), (66, 65), (64, 79), (42, 30)]
fitness=69082,iteration=0,gap=29.033583622847324,delta=15544,timestamp=2.3454142
fitness=68796,iteration=2,gap=28.499383615375994,delta=15258,timestamp=3.4079999
fitness=65864,iteration=11,gap=23.022899622697896,delta=12326,timestamp=8.2840872
fitness=63446,iteration=13,gap=18.506481377713026,delta=9908,timestamp=9.395468
fitness=62214,iteration=84,gap=16.20531211475961,delta=8676,timestamp=47.934658
fitness=61330,iteration=617,gap=14.554148455302776,delta=7792,timestamp=299.4892662
