optimum=83495
execution_time=0.007292800000000099,start_time=2.3816467,stop_time=2.3889395
[(22, 23), (52, 53), (3, 4), (46, 47), (93, 91), (65, 67), (10, 9), (5, 6), (8, 7), (80, 78), (63, 64), (38, 37), (50, 51), (19, 20), (70, 72), (71, 69), (24, 25), (77, 79), (84, 85), (21, 26), (42, 43), (49, 48), (1, 0), (76, 75), (57, 56), (86, 83), (34, 33), (16, 14), (62, 61), (44, 45), (59, 58), (30, 29), (68, 66), (28, 27), (13, 81), (39, 40), (15, 17), (87, 82), (12, 11), (88, 90), (92, 98), (35, 36), (2, 18), (96, 94), (95, 60), (55, 99), (74, 97), (32, 31), (89, 41), (54, 73)]
fitness=86513,iteration=0,gap=3.614587699862267,delta=3018,timestamp=2.3889047
