optimum=83495
execution_time=0.006259400000000248,start_time=2.580269,stop_time=2.5865284
[(5, 6), (25, 24), (46, 47), (37, 38), (9, 10), (1, 0), (22, 23), (33, 34), (80, 78), (29, 30), (51, 50), (93, 91), (84, 85), (3, 4), (67, 65), (72, 70), (42, 43), (75, 76), (8, 7), (52, 53), (61, 62), (58, 59), (57, 56), (71, 69), (19, 20), (14, 16), (86, 83), (27, 28), (45, 44), (63, 64), (92, 98), (39, 40), (21, 26), (87, 82), (49, 48), (94, 96), (36, 35), (77, 79), (88, 90), (32, 31), (12, 11), (66, 68), (17, 15), (95, 60), (99, 55), (13, 81), (18, 2), (97, 74), (41, 89), (54, 73)]
fitness=86513,iteration=0,gap=3.614587699862267,delta=3018,timestamp=2.5864916
