optimum=53538
execution_time=0.004895899999999953,start_time=1.4577633,stop_time=1.4626592
[(11, 9), (43, 44), (66, 65), (17, 16), (41, 39), (67, 68), (1, 0), (63, 62), (3, 2), (34, 33), (72, 71), (70, 69), (60, 61), (23, 21), (18, 14), (8, 10), (75, 76), (15, 19), (24, 22), (38, 40), (74, 79), (35, 32), (49, 48), (5, 6), (50, 51), (54, 55), (58, 59), (46, 47), (53, 52), (27, 26), (13, 73), (29, 28), (4, 7), (31, 36), (57, 56), (30, 37), (42, 78), (25, 45), (64, 20), (77, 12)]
fitness=55448,iteration=0,gap=3.567559490455378,delta=1910,timestamp=1.4626276
