optimum=11758
execution_time=0.043922099999999964,start_time=0.8891761,stop_time=0.9330982
[(18, 12), (2, 3), (9, 8), (1, 0), (5, 4), (14, 15), (6, 7), (17, 16), (11, 10), (19, 13)]
fitness=11758,iteration=0,gap=0.0,delta=0,timestamp=0.9330304
