optimum=104772
execution_time=0.006418599999999941,start_time=5.9015135,stop_time=5.9079321
[(99, 101), (10, 11), (143, 141), (70, 69), (135, 134), (105, 104), (87, 86), (18, 17), (63, 64), (133, 136), (47, 46), (56, 53), (116, 117), (96, 97), (2, 3), (52, 50), (23, 24), (110, 112), (100, 102), (48, 51), (126, 127), (95, 98), (76, 79), (121, 120), (84, 85), (109, 108), (7, 6), (77, 78), (88, 90), (65, 61), (92, 93), (41, 40), (75, 74), (0, 1), (80, 81), (128, 125), (62, 66), (44, 43), (37, 38), (72, 71), (14, 13), (73, 67), (32, 33), (8, 9), (16, 15), (103, 147), (35, 36), (107, 106), (149, 94), (132, 137), (42, 45), (20, 19), (114, 113), (5, 4), (122, 123), (83, 82), (55, 49), (118, 119), (60, 59), (21, 22), (39, 34), (28, 29), (115, 111), (27, 26), (30, 91), (142, 139), (138, 145), (57, 31), (124, 131), (148, 140), (130, 129), (25, 54), (146, 12), (144, 58), (68, 89)]
fitness=105824,iteration=0,gap=1.004085060894132,delta=1052,timestamp=5.9078917
