optimum=11758
execution_time=0.0006844000000000294,start_time=0.6189939,stop_time=0.6196783
[(6, 5), (1, 0), (11, 10), (2, 3), (7, 4), (16, 17), (14, 12), (18, 15), (13, 19), (9, 8)]
fitness=11758,iteration=0,gap=0.0,delta=0,timestamp=0.6196427
