optimum=1994
execution_time=0.01644790000000007,start_time=0.7368296,stop_time=0.7532775
[(2, 3), (8, 9), (5, 4), (1, 0), (7, 6)]
fitness=1994,iteration=0,gap=0.0,delta=0,timestamp=0.753217
