optimum=130178
execution_time=0.009437899999999999,start_time=12.0050976,stop_time=12.0145355
[(95, 96), (78, 80), (111, 112), (160, 161), (170, 168), (63, 62), (141, 144), (152, 151), (157, 154), (181, 180), (32, 31), (131, 132), (127, 126), (102, 103), (46, 45), (107, 109), (143, 142), (52, 51), (167, 169), (146, 145), (9, 10), (57, 59), (114, 113), (1, 0), (3, 4), (33, 34), (93, 94), (197, 199), (64, 65), (139, 140), (187, 185), (42, 40), (155, 153), (74, 72), (122, 121), (101, 100), (191, 195), (50, 49), (37, 36), (117, 118), (98, 97), (194, 188), (182, 183), (165, 164), (138, 137), (136, 135), (8, 11), (14, 15), (25, 92), (21, 20), (83, 84), (162, 163), (81, 82), (173, 172), (106, 105), (120, 119), (85, 86), (6, 5), (130, 129), (29, 30), (2, 7), (148, 147), (54, 55), (108, 110), (177, 176), (133, 134), (71, 70), (67, 68), (28, 27), (179, 178), (22, 19), (13, 16), (159, 158), (89, 90), (58, 56), (87, 88), (73, 76), (116, 115), (150, 149), (190, 186), (99, 104), (174, 171), (41, 38), (17, 12), (193, 128), (91, 156), (69, 23), (175, 192), (26, 24), (123, 124), (61, 60), (39, 43), (35, 47), (198, 166), (77, 125), (18, 196), (44, 66), (79, 189), (48, 184), (75, 53)]
fitness=134640,iteration=0,gap=3.4276144970732383,delta=4462,timestamp=12.0145028
