optimum=11758
execution_time=0.0013985999999999166,start_time=0.7646207,stop_time=0.7660193
[(12, 14), (4, 6), (9, 8), (16, 17), (15, 18), (3, 2), (10, 11), (0, 1), (5, 7), (19, 13)]
fitness=11758,iteration=0,gap=0.0,delta=0,timestamp=0.7659858
