optimum=1994
execution_time=0.014811000000000019,start_time=0.6647031,stop_time=0.6795141
[(6, 5), (9, 8), (7, 4), (2, 3), (1, 0)]
fitness=1994,iteration=0,gap=0.0,delta=0,timestamp=0.6794567
