optimum=42382
execution_time=300.1851279,start_time=1.3522812,stop_time=301.5374091
[(45, 44), (50, 49), (37, 38), (52, 55), (19, 18), (5, 4), (53, 54), (9, 11), (23, 25), (0, 1), (33, 34), (36, 35), (24, 26), (22, 13), (42, 41), (21, 20), (48, 51), (14, 15), (31, 29), (16, 17), (56, 7), (28, 30), (43, 46), (2, 3), (40, 39), (12, 10), (8, 47), (32, 6), (58, 27), (59, 57)]
fitness=49096,iteration=0,gap=15.841630881034401,delta=6714,timestamp=1.6657442
fitness=47342,iteration=29,gap=11.703081496861875,delta=4960,timestamp=10.7684669
fitness=46510,iteration=44,gap=9.739983955452788,delta=4128,timestamp=15.60184
fitness=45898,iteration=75,gap=8.295974706243218,delta=3516,timestamp=25.6145053
fitness=45708,iteration=444,gap=7.847671181161814,delta=3326,timestamp=132.5760967
fitness=45616,iteration=909,gap=7.630597895332924,delta=3234,timestamp=257.6374822
