optimum=19032
execution_time=0.0020094999999999974,start_time=0.8857348,stop_time=0.8877443
[(1, 0), (20, 19), (21, 22), (10, 9), (16, 15), (13, 12), (8, 7), (26, 24), (14, 11), (18, 17), (4, 2), (25, 23), (29, 5), (6, 3), (28, 27)]
fitness=19032,iteration=0,gap=0.0,delta=0,timestamp=0.8877135
