optimum=69731
execution_time=0.0034562999999998567,start_time=1.5264754,stop_time=1.5299317
[(59, 58), (35, 33), (82, 84), (0, 1), (70, 69), (22, 21), (45, 46), (71, 72), (40, 41), (79, 78), (28, 29), (68, 67), (74, 73), (75, 76), (50, 51), (57, 56), (80, 81), (3, 2), (52, 53), (4, 5), (62, 63), (89, 83), (65, 64), (23, 20), (15, 17), (44, 43), (60, 61), (48, 47), (55, 54), (14, 16), (24, 19), (9, 11), (6, 7), (38, 39), (27, 26), (8, 10), (34, 36), (30, 31), (86, 25), (32, 18), (13, 49), (85, 88), (42, 37), (77, 66), (87, 12)]
fitness=71779,iteration=0,gap=2.937000760063673,delta=2048,timestamp=1.5299033
