optimum=47234
execution_time=0.0040567999999998605,start_time=1.1688559,stop_time=1.1729127
[(2, 3), (34, 35), (6, 4), (25, 23), (50, 46), (11, 8), (49, 48), (1, 0), (38, 39), (26, 24), (58, 57), (16, 17), (21, 22), (40, 41), (60, 62), (10, 9), (56, 55), (37, 36), (31, 30), (5, 7), (51, 52), (59, 61), (54, 53), (67, 64), (32, 29), (15, 14), (28, 33), (19, 18), (45, 44), (43, 42), (27, 65), (20, 63), (13, 69), (66, 47), (12, 68)]
fitness=47252,iteration=0,gap=0.03810814243976796,delta=18,timestamp=1.1728826
