optimum=11758
execution_time=0.000896299999999961,start_time=0.6716043,stop_time=0.6725006
[(11, 10), (16, 17), (5, 4), (12, 14), (9, 8), (1, 0), (3, 2), (6, 7), (15, 18), (13, 19)]
fitness=11758,iteration=0,gap=0.0,delta=0,timestamp=0.6724702
