optimum=130178
execution_time=303.14905799999997,start_time=14.6771277,stop_time=317.8261857
[(177, 176), (123, 121), (74, 72), (147, 148), (141, 62), (174, 172), (30, 29), (158, 159), (6, 5), (191, 112), (134, 131), (109, 107), (169, 170), (12, 17), (130, 129), (13, 14), (79, 80), (3, 4), (26, 28), (175, 126), (120, 119), (85, 81), (98, 97), (75, 197), (31, 32), (24, 2), (83, 84), (164, 165), (45, 43), (127, 128), (146, 145), (149, 150), (56, 58), (92, 163), (195, 171), (106, 105), (122, 64), (87, 90), (115, 111), (71, 142), (91, 89), (22, 20), (54, 118), (16, 15), (180, 181), (117, 125), (173, 184), (35, 190), (73, 76), (33, 34), (21, 19), (157, 154), (10, 9), (185, 187), (42, 40), (182, 183), (52, 51), (168, 167), (189, 47), (198, 46), (151, 152), (11, 8), (132, 133), (59, 57), (18, 193), (68, 67), (179, 178), (95, 96), (101, 100), (124, 138), (160, 161), (143, 144), (39, 41), (104, 103), (135, 136), (94, 93), (114, 113), (139, 140), (50, 49), (65, 66), (86, 60), (116, 188), (55, 23), (77, 44), (166, 48), (0, 1), (108, 110), (61, 102), (137, 99), (82, 78), (186, 199), (153, 155), (37, 36), (194, 25), (70, 53), (63, 196), (162, 192), (88, 156), (69, 27), (38, 7)]
fitness=249384,iteration=0,gap=91.5715405060763,delta=119206,timestamp=17.5936504
fitness=236680,iteration=2,gap=81.81259506214568,delta=106502,timestamp=23.3201853
fitness=223746,iteration=6,gap=71.87696845857211,delta=93568,timestamp=35.0192475
fitness=221234,iteration=34,gap=69.94730292368911,delta=91056,timestamp=113.0636729
