optimum=130178
execution_time=0.01617929999999923,start_time=14.4327888,stop_time=14.4489681
[(169, 168), (152, 151), (37, 36), (0, 1), (64, 65), (146, 145), (55, 54), (153, 155), (3, 4), (68, 67), (82, 81), (181, 180), (126, 127), (132, 131), (122, 121), (62, 63), (136, 135), (161, 160), (95, 96), (33, 34), (119, 120), (143, 142), (83, 84), (93, 94), (107, 109), (158, 159), (138, 137), (149, 150), (185, 187), (31, 32), (108, 110), (101, 100), (102, 103), (10, 9), (183, 182), (78, 79), (173, 172), (89, 90), (140, 139), (147, 148), (118, 117), (171, 174), (40, 42), (72, 74), (88, 87), (129, 130), (56, 59), (170, 167), (49, 50), (157, 154), (111, 112), (71, 70), (46, 43), (162, 163), (38, 41), (195, 191), (58, 57), (164, 165), (5, 6), (85, 86), (39, 45), (29, 28), (177, 176), (14, 15), (11, 8), (30, 27), (2, 7), (123, 124), (97, 98), (20, 21), (133, 134), (52, 51), (199, 197), (144, 141), (190, 186), (106, 105), (178, 179), (156, 91), (113, 114), (13, 16), (12, 17), (76, 73), (116, 115), (61, 60), (22, 19), (99, 104), (23, 69), (25, 92), (198, 166), (35, 47), (24, 26), (128, 193), (77, 125), (192, 175), (194, 188), (18, 196), (44, 66), (189, 80), (184, 48), (53, 75)]
fitness=134640,iteration=0,gap=3.4276144970732383,delta=4462,timestamp=14.4489286
