optimum=130178
execution_time=0.014129599999998632,start_time=11.8662696,stop_time=11.8803992
[(58, 56), (79, 80), (5, 6), (34, 33), (42, 40), (36, 37), (152, 151), (15, 14), (117, 118), (97, 98), (57, 59), (165, 164), (31, 32), (90, 89), (4, 3), (52, 51), (30, 28), (119, 120), (138, 137), (61, 60), (169, 168), (55, 54), (122, 121), (8, 11), (50, 49), (43, 45), (83, 84), (176, 177), (160, 161), (81, 82), (67, 68), (132, 131), (159, 158), (145, 146), (101, 100), (187, 185), (29, 27), (148, 147), (162, 163), (105, 106), (111, 112), (10, 9), (88, 87), (124, 123), (139, 140), (153, 155), (0, 1), (113, 114), (62, 63), (64, 65), (86, 85), (71, 70), (2, 7), (142, 143), (95, 96), (72, 74), (181, 180), (150, 149), (41, 38), (154, 157), (141, 144), (102, 103), (173, 172), (199, 197), (186, 190), (107, 109), (182, 183), (129, 130), (170, 167), (178, 179), (135, 136), (194, 188), (73, 76), (127, 126), (20, 21), (116, 115), (47, 35), (92, 25), (133, 134), (13, 16), (174, 171), (110, 108), (93, 94), (193, 128), (191, 195), (91, 156), (104, 99), (17, 12), (192, 175), (196, 18), (39, 46), (189, 78), (166, 198), (22, 19), (26, 24), (23, 69), (125, 77), (44, 66), (184, 48), (53, 75)]
fitness=134640,iteration=0,gap=3.4276144970732383,delta=4462,timestamp=11.8803614
