optimum=69731
execution_time=300.2922194,start_time=2.2983203,stop_time=302.5905397
[(48, 47), (43, 14), (1, 0), (50, 51), (35, 33), (4, 5), (72, 69), (15, 17), (40, 41), (85, 89), (76, 75), (12, 9), (61, 60), (67, 68), (18, 16), (84, 42), (54, 55), (21, 22), (59, 58), (70, 71), (26, 27), (82, 23), (56, 57), (11, 10), (38, 39), (30, 29), (2, 3), (34, 36), (83, 25), (73, 74), (62, 63), (77, 88), (20, 24), (13, 49), (66, 65), (78, 79), (53, 52), (80, 81), (28, 31), (32, 19), (46, 45), (6, 7), (44, 64), (8, 87), (37, 86)]
fitness=101103,iteration=0,gap=44.9900331273035,delta=31372,timestamp=3.0089163
fitness=95815,iteration=2,gap=37.40660538354534,delta=26084,timestamp=4.3765512
fitness=90081,iteration=6,gap=29.183576888328005,delta=20350,timestamp=7.1134859
fitness=85899,iteration=10,gap=23.186244281596423,delta=16168,timestamp=9.8354861
fitness=82717,iteration=150,gap=18.622994077239678,delta=12986,timestamp=100.8439154
