optimum=69731
execution_time=0.006497999999999893,start_time=1.8623533,stop_time=1.8688513
[(55, 54), (1, 0), (44, 43), (38, 39), (59, 58), (60, 61), (45, 46), (35, 33), (62, 63), (17, 15), (65, 64), (70, 69), (75, 76), (84, 82), (51, 50), (34, 36), (4, 5), (21, 22), (3, 2), (83, 89), (52, 53), (29, 28), (9, 11), (16, 14), (71, 72), (78, 79), (73, 74), (8, 10), (27, 26), (80, 81), (30, 31), (47, 48), (57, 56), (7, 6), (41, 40), (23, 20), (67, 68), (19, 24), (25, 86), (32, 18), (13, 49), (85, 88), (42, 37), (77, 66), (12, 87)]
fitness=71779,iteration=0,gap=2.937000760063673,delta=2048,timestamp=1.8688151
