optimum=47234
execution_time=0.005322100000000107,start_time=1.1314471,stop_time=1.1367692
[(3, 2), (58, 57), (67, 64), (41, 40), (55, 56), (17, 16), (21, 22), (48, 49), (0, 1), (23, 25), (34, 35), (50, 46), (39, 38), (5, 4), (60, 62), (15, 14), (52, 51), (36, 37), (45, 44), (7, 6), (61, 59), (11, 8), (30, 31), (9, 10), (54, 53), (19, 18), (43, 42), (29, 32), (33, 28), (24, 26), (27, 65), (69, 13), (63, 20), (47, 66), (68, 12)]
fitness=47252,iteration=0,gap=0.03810814243976796,delta=18,timestamp=1.1367339
