optimum=34198
execution_time=0.0029158999999999713,start_time=0.8352362,stop_time=0.8381521
[(18, 19), (22, 25), (2, 0), (1, 3), (16, 17), (28, 29), (5, 9), (45, 43), (13, 12), (32, 33), (14, 15), (31, 30), (34, 35), (41, 40), (26, 24), (8, 7), (44, 42), (4, 6), (36, 38), (10, 11), (37, 39), (20, 21), (47, 27), (46, 49), (23, 48)]
fitness=35336,iteration=0,gap=3.327679981285455,delta=1138,timestamp=0.8381153
