optimum=83495
execution_time=300.1008179,start_time=2.3823587,stop_time=302.4831766
[(48, 49), (54, 55), (15, 16), (66, 65), (29, 30), (83, 84), (42, 43), (87, 85), (31, 32), (10, 9), (18, 17), (22, 23), (33, 34), (1, 0), (94, 98), (62, 61), (12, 7), (45, 44), (27, 28), (57, 56), (89, 90), (69, 71), (77, 80), (24, 25), (73, 50), (6, 5), (63, 64), (53, 8), (41, 39), (99, 11), (70, 72), (38, 37), (92, 88), (81, 3), (75, 76), (96, 93), (20, 19), (46, 47), (79, 78), (13, 82), (97, 74), (26, 2), (52, 51), (35, 36), (58, 59), (67, 68), (86, 91), (14, 21), (60, 40), (4, 95)]
fitness=135119,iteration=0,gap=61.82885202706749,delta=51624,timestamp=3.0910524
fitness=124253,iteration=1,gap=48.814899095754235,delta=40758,timestamp=3.7625188
fitness=119673,iteration=3,gap=43.32954069105934,delta=36178,timestamp=5.2210128
fitness=111865,iteration=16,gap=33.978082519911375,delta=28370,timestamp=14.3918271
fitness=110117,iteration=120,gap=31.88454398466974,delta=26622,timestamp=84.8785951
fitness=108251,iteration=253,gap=29.649679621534226,delta=24756,timestamp=175.5231879
fitness=107141,iteration=263,gap=28.320258698125638,delta=23646,timestamp=182.3135377
