optimum=104772
execution_time=301.03371599999997,start_time=7.0324688,stop_time=308.0661848
[(122, 123), (117, 116), (95, 96), (2, 3), (92, 93), (82, 83), (50, 51), (67, 70), (107, 106), (104, 105), (120, 145), (8, 9), (77, 78), (146, 61), (129, 126), (81, 80), (11, 10), (131, 22), (142, 110), (48, 52), (7, 6), (21, 19), (53, 56), (76, 79), (27, 28), (148, 34), (29, 26), (49, 55), (143, 115), (98, 97), (60, 59), (136, 132), (13, 14), (25, 24), (40, 41), (20, 23), (32, 33), (85, 84), (63, 66), (5, 4), (36, 35), (114, 113), (128, 127), (65, 62), (68, 69), (0, 1), (119, 118), (74, 75), (46, 47), (137, 133), (15, 102), (149, 144), (109, 108), (91, 90), (100, 99), (12, 38), (73, 72), (43, 44), (111, 112), (147, 16), (101, 135), (141, 54), (17, 18), (30, 94), (37, 39), (58, 45), (140, 130), (71, 42), (138, 124), (134, 121), (64, 125), (86, 87), (103, 31), (139, 57), (88, 89)]
fitness=184344,iteration=0,gap=75.94777230557781,delta=79572,timestamp=8.6353661
fitness=181964,iteration=1,gap=73.67617302332684,delta=77192,timestamp=10.2144282
fitness=163000,iteration=2,gap=55.57591722979423,delta=58228,timestamp=11.8202886
fitness=161154,iteration=8,gap=53.8139961058298,delta=56382,timestamp=21.4203674
fitness=149516,iteration=68,gap=42.70606650631848,delta=44744,timestamp=112.2494843
