optimum=130178
execution_time=301.3116519,start_time=16.6968534,stop_time=318.0085053
[(169, 170), (143, 142), (116, 115), (124, 121), (165, 164), (81, 82), (93, 94), (34, 33), (78, 80), (14, 15), (103, 104), (123, 122), (198, 48), (197, 182), (162, 163), (25, 5), (27, 28), (55, 75), (45, 46), (88, 90), (66, 65), (180, 181), (26, 30), (83, 84), (149, 150), (87, 89), (199, 20), (138, 58), (120, 119), (74, 72), (17, 126), (70, 71), (135, 136), (62, 63), (174, 172), (4, 3), (175, 1), (148, 147), (99, 100), (131, 132), (127, 128), (106, 105), (42, 41), (40, 38), (97, 98), (161, 160), (157, 154), (118, 117), (179, 178), (195, 19), (23, 193), (144, 141), (189, 145), (156, 155), (36, 47), (191, 146), (13, 16), (37, 166), (59, 56), (18, 190), (32, 31), (61, 188), (159, 158), (60, 9), (22, 21), (151, 152), (52, 51), (186, 134), (11, 8), (92, 137), (102, 101), (176, 177), (57, 0), (113, 114), (192, 196), (187, 185), (54, 7), (43, 39), (12, 2), (112, 111), (171, 173), (108, 107), (35, 167), (6, 10), (168, 79), (184, 183), (129, 130), (67, 68), (194, 133), (86, 85), (77, 69), (24, 96), (29, 109), (110, 125), (76, 73), (91, 153), (50, 49), (95, 64), (140, 139), (53, 44)]
fitness=244022,iteration=0,gap=87.45256494953064,delta=113844,timestamp=19.9350172
fitness=239442,iteration=1,gap=83.93430533577101,delta=109264,timestamp=23.1645287
fitness=213922,iteration=4,gap=64.33037840495321,delta=83744,timestamp=32.979801
fitness=208650,iteration=14,gap=60.28053895435481,delta=78472,timestamp=64.8940597
