optimum=104772
execution_time=300.4137694,start_time=6.3075784,stop_time=306.7213478
[(101, 102), (119, 118), (136, 135), (55, 56), (123, 122), (126, 127), (45, 42), (139, 71), (43, 44), (14, 13), (80, 81), (32, 33), (148, 111), (18, 17), (109, 108), (1, 25), (117, 116), (5, 4), (62, 61), (113, 114), (11, 10), (92, 93), (58, 52), (54, 19), (76, 79), (30, 26), (120, 147), (75, 74), (83, 82), (70, 69), (16, 34), (97, 98), (20, 22), (40, 41), (49, 53), (90, 88), (95, 96), (112, 110), (6, 7), (66, 63), (146, 130), (24, 23), (64, 65), (124, 141), (129, 38), (106, 107), (35, 36), (31, 57), (145, 15), (3, 2), (121, 133), (103, 99), (128, 125), (47, 46), (28, 29), (8, 9), (137, 134), (77, 78), (73, 72), (12, 48), (138, 132), (143, 115), (104, 105), (86, 87), (51, 50), (89, 91), (59, 60), (131, 100), (85, 84), (39, 37), (68, 140), (67, 94), (0, 21), (142, 149), (27, 144)]
fitness=176162,iteration=0,gap=68.13843393273011,delta=71390,timestamp=7.7787211
fitness=150908,iteration=3,gap=44.034665750391326,delta=46136,timestamp=12.3158422
