optimum=53538
execution_time=0.004958800000000041,start_time=1.7425332,stop_time=1.747492
[(47, 46), (34, 33), (49, 48), (75, 76), (55, 54), (18, 14), (21, 23), (70, 69), (50, 51), (22, 24), (43, 44), (28, 29), (41, 39), (40, 38), (32, 35), (71, 72), (26, 27), (62, 63), (31, 36), (6, 5), (59, 58), (3, 2), (16, 17), (9, 11), (74, 79), (0, 1), (8, 10), (65, 66), (57, 56), (60, 61), (13, 73), (4, 7), (15, 19), (53, 52), (68, 67), (42, 78), (20, 64), (37, 30), (25, 45), (12, 77)]
fitness=55448,iteration=0,gap=3.567559490455378,delta=1910,timestamp=1.7474535
