optimum=47234
execution_time=0.003970600000000157,start_time=1.0752551,stop_time=1.0792257
[(21, 22), (15, 14), (36, 37), (34, 35), (11, 8), (5, 6), (9, 10), (49, 48), (60, 62), (52, 51), (30, 31), (54, 53), (50, 46), (59, 61), (64, 67), (55, 56), (38, 39), (40, 41), (0, 1), (57, 58), (3, 2), (4, 7), (32, 29), (28, 33), (16, 17), (25, 23), (18, 19), (45, 44), (24, 26), (42, 43), (13, 69), (27, 65), (20, 63), (47, 66), (68, 12)]
fitness=47252,iteration=0,gap=0.03810814243976796,delta=18,timestamp=1.0791847
