optimum=53538
execution_time=0.004510299999999967,start_time=1.6905056,stop_time=1.6950159
[(50, 51), (0, 1), (18, 14), (11, 9), (33, 34), (52, 53), (48, 49), (6, 4), (8, 10), (21, 23), (16, 17), (46, 47), (71, 72), (62, 63), (22, 24), (43, 44), (29, 28), (54, 55), (66, 65), (35, 32), (19, 15), (31, 36), (61, 60), (26, 27), (2, 3), (59, 58), (79, 74), (39, 41), (7, 5), (40, 38), (76, 75), (68, 67), (70, 69), (56, 57), (78, 42), (64, 20), (73, 13), (30, 37), (45, 25), (12, 77)]
fitness=55448,iteration=0,gap=3.567559490455378,delta=1910,timestamp=1.6949784
