optimum=42382
execution_time=0.0034711000000000602,start_time=0.9811272,stop_time=0.9845983
[(34, 33), (44, 45), (18, 19), (29, 31), (6, 5), (35, 36), (0, 1), (51, 47), (11, 9), (25, 23), (57, 59), (37, 38), (2, 3), (49, 50), (12, 10), (53, 54), (39, 40), (28, 30), (43, 46), (15, 14), (7, 4), (26, 24), (52, 55), (42, 41), (16, 20), (13, 56), (58, 32), (17, 21), (22, 48), (8, 27)]
fitness=44666,iteration=0,gap=5.389080269925912,delta=2284,timestamp=0.984562
