optimum=19032
execution_time=0.12145499999999998,start_time=0.5737595,stop_time=0.6952145
[(23, 24), (9, 10), (13, 11), (4, 2), (7, 8), (26, 25), (17, 18), (20, 19), (12, 14), (0, 1), (3, 6), (28, 27), (21, 22), (16, 15), (29, 5)]
fitness=19452,iteration=0,gap=2.2068095838587642,delta=420,timestamp=0.6359985
fitness=19032,iteration=1,gap=0.0,delta=0,timestamp=0.6951496
