optimum=53538
execution_time=0.0045023999999997955,start_time=1.4143148,stop_time=1.4188172
[(51, 50), (28, 29), (75, 76), (18, 14), (54, 55), (1, 0), (74, 79), (58, 59), (17, 16), (47, 46), (63, 62), (41, 39), (19, 15), (66, 65), (72, 71), (60, 61), (2, 3), (33, 34), (21, 23), (11, 9), (69, 70), (44, 43), (67, 68), (6, 4), (49, 48), (57, 56), (27, 26), (38, 40), (35, 32), (22, 24), (5, 7), (52, 53), (36, 31), (8, 10), (78, 42), (73, 13), (37, 30), (64, 20), (45, 25), (77, 12)]
fitness=55448,iteration=0,gap=3.567559490455378,delta=1910,timestamp=1.418781
