optimum=42382
execution_time=300.2357826,start_time=0.8055729,stop_time=301.0413555
[(17, 20), (24, 23), (2, 3), (9, 11), (35, 36), (29, 31), (7, 4), (56, 15), (43, 45), (16, 21), (19, 18), (38, 37), (41, 42), (52, 55), (44, 46), (50, 49), (47, 51), (26, 25), (30, 28), (54, 53), (40, 39), (22, 27), (59, 57), (10, 12), (33, 34), (1, 0), (48, 14), (32, 58), (6, 5), (13, 8)]
fitness=54084,iteration=0,gap=27.61077816053985,delta=11702,timestamp=1.0716416
fitness=51306,iteration=4,gap=21.056108725402293,delta=8924,timestamp=1.9789058
fitness=50648,iteration=5,gap=19.50356283327828,delta=8266,timestamp=2.2304027
fitness=48466,iteration=23,gap=14.355150771553962,delta=6084,timestamp=6.2665088
fitness=47826,iteration=37,gap=12.845075739700818,delta=5444,timestamp=9.4386354
fitness=44822,iteration=95,gap=5.757161058940116,delta=2440,timestamp=22.4943346
