optimum=19032
execution_time=0.09361889999999995,start_time=0.9163274,stop_time=1.0099463
[(15, 16), (8, 7), (22, 21), (26, 24), (12, 11), (4, 2), (23, 25), (5, 29), (18, 17), (10, 9), (6, 3), (19, 20), (0, 1), (14, 13), (28, 27)]
fitness=19032,iteration=0,gap=0.0,delta=0,timestamp=1.0098544
