optimum=19032
execution_time=0.0016927999999999388,start_time=0.6371622,stop_time=0.638855
[(11, 12), (0, 1), (15, 16), (8, 7), (18, 17), (4, 2), (21, 22), (9, 10), (26, 24), (6, 3), (20, 19), (25, 23), (13, 14), (29, 5), (27, 28)]
fitness=19032,iteration=0,gap=0.0,delta=0,timestamp=0.6388192
