optimum=53538
execution_time=0.005321499999999979,start_time=1.9673755,stop_time=1.972697
[(76, 75), (0, 1), (74, 79), (26, 27), (70, 69), (51, 50), (29, 28), (14, 18), (54, 55), (2, 3), (21, 23), (16, 17), (66, 65), (61, 60), (9, 11), (49, 48), (4, 6), (58, 59), (5, 7), (10, 8), (15, 19), (41, 39), (22, 24), (71, 72), (47, 46), (34, 33), (63, 62), (53, 52), (56, 57), (67, 68), (43, 44), (35, 32), (36, 31), (38, 40), (42, 78), (20, 64), (73, 13), (37, 30), (25, 45), (12, 77)]
fitness=55448,iteration=0,gap=3.567559490455378,delta=1910,timestamp=1.9726611
