optimum=1994
execution_time=0.0003349999999999742,start_time=0.4953691,stop_time=0.4957041
[(9, 8), (2, 3), (0, 1), (4, 5), (6, 7)]
fitness=1994,iteration=0,gap=0.0,delta=0,timestamp=0.4956883
