optimum=53538
execution_time=300.07655719999997,start_time=1.5053533,stop_time=301.5819105
[(17, 18), (10, 11), (71, 72), (55, 54), (49, 48), (36, 34), (24, 23), (44, 43), (0, 1), (56, 59), (22, 21), (74, 42), (78, 28), (31, 35), (2, 3), (50, 51), (61, 60), (20, 27), (57, 58), (8, 9), (79, 13), (73, 45), (46, 47), (40, 41), (7, 4), (33, 32), (75, 76), (70, 69), (38, 39), (29, 30), (53, 52), (25, 26), (14, 19), (6, 5), (66, 67), (37, 68), (15, 16), (63, 62), (64, 65), (77, 12)]
fitness=67254,iteration=0,gap=25.619186372296316,delta=13716,timestamp=1.9540834
fitness=66194,iteration=4,gap=23.639284246703276,delta=12656,timestamp=3.7310298
fitness=65760,iteration=33,gap=22.828645074526506,delta=12222,timestamp=16.6706179
fitness=65220,iteration=53,gap=21.820015689790427,delta=11682,timestamp=25.4268318
fitness=58970,iteration=92,gap=10.146064477567334,delta=5432,timestamp=42.645838
