optimum=69731
execution_time=0.006335299999999933,start_time=2.4914586,stop_time=2.4977939
[(43, 44), (40, 41), (46, 45), (33, 35), (89, 83), (54, 55), (39, 38), (5, 6), (63, 62), (74, 73), (51, 50), (22, 21), (29, 28), (78, 79), (1, 0), (70, 69), (27, 26), (15, 17), (75, 76), (11, 9), (30, 31), (53, 52), (47, 48), (34, 36), (2, 3), (81, 80), (65, 64), (61, 60), (72, 71), (14, 16), (59, 58), (8, 10), (23, 20), (82, 84), (67, 68), (57, 56), (19, 24), (7, 4), (86, 25), (49, 13), (88, 85), (42, 37), (18, 32), (66, 77), (87, 12)]
fitness=71779,iteration=0,gap=2.937000760063673,delta=2048,timestamp=2.4977591
