optimum=47234
execution_time=0.004696900000000004,start_time=0.9662606,stop_time=0.9709575
[(35, 34), (23, 25), (52, 51), (4, 6), (62, 60), (30, 31), (17, 16), (3, 2), (15, 14), (18, 19), (22, 21), (38, 39), (59, 61), (0, 1), (57, 58), (56, 55), (48, 49), (11, 8), (37, 36), (24, 26), (50, 46), (40, 41), (67, 64), (54, 53), (29, 32), (7, 5), (69, 13), (9, 10), (33, 28), (45, 44), (27, 65), (63, 20), (42, 43), (66, 47), (12, 68)]
fitness=47252,iteration=0,gap=0.03810814243976796,delta=18,timestamp=0.9709217
