optimum=20892
execution_time=8.941605000000001,start_time=0.7193189,stop_time=9.6609239
[(11, 10), (32, 33), (7, 36), (21, 22), (23, 24), (26, 28), (13, 14), (38, 37), (27, 25), (16, 15), (5, 4), (8, 9), (31, 30), (1, 0), (3, 2), (20, 19), (35, 34), (18, 17), (6, 12), (29, 39)]
fitness=21556,iteration=0,gap=3.1782500478652116,delta=664,timestamp=0.8466552
fitness=21284,iteration=11,gap=1.8763162933180164,delta=392,timestamp=2.1338963
fitness=21158,iteration=23,gap=1.273214627608654,delta=266,timestamp=3.5930946
fitness=20892,iteration=73,gap=0.0,delta=0,timestamp=9.6608393
