optimum=20892
execution_time=0.002729199999999987,start_time=0.78168,stop_time=0.7844092
[(4, 5), (15, 16), (17, 18), (9, 8), (26, 28), (6, 10), (11, 12), (25, 27), (33, 32), (34, 36), (14, 13), (0, 2), (20, 19), (31, 30), (21, 22), (35, 37), (23, 24), (3, 1), (7, 38), (39, 29)]
fitness=22066,iteration=0,gap=5.619375837641202,delta=1174,timestamp=0.7843727
