optimum=104772
execution_time=0.011835200000000157,start_time=6.8222463,stop_time=6.8340815
[(23, 24), (10, 11), (88, 90), (1, 0), (40, 41), (3, 2), (47, 46), (118, 119), (9, 8), (122, 123), (60, 59), (50, 51), (93, 92), (105, 104), (42, 45), (86, 87), (114, 113), (14, 13), (112, 110), (75, 74), (108, 109), (70, 68), (37, 38), (71, 72), (76, 79), (36, 35), (6, 7), (43, 44), (143, 141), (64, 63), (33, 32), (73, 67), (82, 83), (55, 53), (126, 127), (5, 4), (80, 81), (57, 31), (29, 28), (106, 107), (18, 17), (77, 78), (85, 84), (134, 135), (121, 120), (136, 133), (52, 48), (61, 65), (19, 20), (117, 116), (98, 96), (128, 125), (16, 15), (101, 99), (34, 39), (66, 62), (22, 21), (97, 95), (111, 115), (149, 94), (26, 27), (100, 102), (91, 30), (132, 137), (147, 103), (140, 148), (139, 142), (124, 131), (130, 129), (49, 56), (138, 145), (25, 54), (12, 146), (58, 144), (89, 69)]
fitness=105824,iteration=0,gap=1.004085060894132,delta=1052,timestamp=6.8340421
