optimum=130178
execution_time=0.00832220000000028,start_time=12.268089,stop_time=12.2764112
[(84, 83), (74, 72), (121, 122), (168, 170), (49, 50), (6, 5), (142, 143), (64, 65), (158, 159), (97, 98), (150, 149), (29, 30), (130, 129), (183, 182), (82, 81), (163, 162), (14, 15), (199, 197), (140, 139), (11, 8), (185, 187), (118, 117), (41, 42), (107, 109), (126, 127), (85, 86), (78, 80), (120, 119), (13, 16), (179, 178), (45, 46), (94, 93), (169, 167), (28, 27), (54, 55), (59, 58), (95, 96), (180, 181), (17, 12), (32, 31), (33, 34), (100, 101), (67, 68), (157, 154), (173, 172), (3, 4), (123, 124), (90, 89), (21, 20), (195, 191), (108, 110), (132, 131), (103, 102), (153, 155), (160, 161), (176, 177), (144, 141), (0, 1), (105, 106), (137, 138), (52, 51), (145, 146), (112, 111), (186, 190), (188, 194), (87, 88), (148, 147), (63, 62), (2, 7), (165, 164), (134, 133), (70, 71), (135, 136), (104, 99), (36, 37), (10, 9), (76, 73), (22, 19), (38, 40), (57, 56), (171, 174), (128, 193), (25, 92), (114, 113), (151, 152), (116, 115), (39, 43), (26, 24), (47, 35), (61, 60), (192, 175), (156, 91), (23, 69), (196, 18), (166, 198), (44, 66), (79, 189), (77, 125), (48, 184), (75, 53)]
fitness=134640,iteration=0,gap=3.4276144970732383,delta=4462,timestamp=12.2763794
