optimum=19032
execution_time=0.0013847999999999638,start_time=0.6273491,stop_time=0.6287339
[(15, 16), (2, 4), (7, 8), (22, 21), (13, 12), (26, 24), (1, 0), (9, 10), (19, 20), (17, 18), (25, 23), (14, 11), (6, 3), (29, 5), (28, 27)]
fitness=19032,iteration=0,gap=0.0,delta=0,timestamp=0.6287049
