optimum=20892
execution_time=0.002134700000000045,start_time=0.7412297,stop_time=0.7433644
[(10, 6), (31, 30), (13, 14), (0, 2), (26, 28), (15, 16), (25, 27), (36, 34), (1, 3), (19, 20), (18, 17), (5, 4), (33, 32), (37, 35), (7, 38), (8, 9), (22, 21), (12, 11), (24, 23), (39, 29)]
fitness=22066,iteration=0,gap=5.619375837641202,delta=1174,timestamp=0.7433297
