optimum=83495
execution_time=300.16026189999997,start_time=2.2683986,stop_time=302.4286605
[(65, 67), (11, 9), (88, 86), (23, 22), (8, 7), (47, 46), (78, 80), (73, 71), (32, 36), (38, 37), (63, 64), (35, 33), (16, 14), (1, 0), (40, 39), (25, 24), (56, 57), (96, 84), (59, 58), (91, 82), (66, 61), (68, 62), (81, 79), (29, 30), (18, 17), (45, 44), (19, 20), (42, 43), (74, 90), (6, 5), (99, 95), (34, 31), (89, 92), (27, 28), (54, 55), (72, 70), (83, 85), (49, 48), (51, 52), (21, 75), (94, 87), (2, 26), (12, 10), (3, 4), (76, 13), (50, 69), (98, 60), (15, 93), (97, 41), (53, 77)]
fitness=132723,iteration=0,gap=58.95921911491706,delta=49228,timestamp=2.9038677
fitness=126447,iteration=1,gap=51.44260135337445,delta=42952,timestamp=3.5507422
fitness=125441,iteration=2,gap=50.237738786753695,delta=41946,timestamp=4.2247037
fitness=114185,iteration=5,gap=36.756692017486074,delta=30690,timestamp=6.2474914
fitness=112895,iteration=6,gap=35.21168932271394,delta=29400,timestamp=6.9281499
fitness=110347,iteration=20,gap=32.160009581412055,delta=26852,timestamp=15.2186257
fitness=106655,iteration=257,gap=27.73818791544404,delta=23160,timestamp=127.4683709
