optimum=11758
execution_time=0.0008604999999999308,start_time=0.5686349,stop_time=0.5694954
[(2, 3), (17, 16), (10, 11), (4, 6), (12, 14), (15, 18), (9, 8), (0, 1), (5, 7), (19, 13)]
fitness=11758,iteration=0,gap=0.0,delta=0,timestamp=0.569472
