optimum=34198
execution_time=0.002363300000000068,start_time=0.8085401,stop_time=0.8109034
[(40, 41), (30, 31), (22, 25), (32, 33), (14, 15), (34, 35), (16, 17), (43, 45), (8, 7), (24, 26), (28, 29), (5, 9), (19, 18), (12, 13), (20, 21), (42, 44), (0, 2), (3, 1), (38, 36), (6, 4), (11, 10), (47, 27), (39, 37), (46, 49), (23, 48)]
fitness=35336,iteration=0,gap=3.327679981285455,delta=1138,timestamp=0.8108739
