optimum=69731
execution_time=0.003806799999999999,start_time=1.2288838,stop_time=1.2326906
[(9, 11), (69, 70), (2, 3), (28, 29), (26, 27), (21, 22), (71, 72), (83, 89), (68, 67), (55, 54), (0, 1), (35, 33), (30, 31), (6, 5), (34, 36), (64, 65), (56, 57), (79, 78), (58, 59), (38, 39), (47, 48), (61, 60), (23, 20), (43, 44), (52, 53), (84, 82), (51, 50), (15, 17), (16, 14), (4, 7), (74, 73), (62, 63), (40, 41), (80, 81), (76, 75), (8, 10), (45, 46), (19, 24), (86, 25), (18, 32), (49, 13), (42, 37), (85, 88), (66, 77), (12, 87)]
fitness=71779,iteration=0,gap=2.937000760063673,delta=2048,timestamp=1.2326616
