optimum=19032
execution_time=0.4168072999999999,start_time=0.7117115,stop_time=1.1285188
[(4, 2), (17, 18), (19, 20), (22, 21), (25, 23), (1, 0), (9, 10), (6, 3), (14, 12), (8, 7), (13, 11), (29, 5), (26, 24), (16, 15), (28, 27)]
fitness=19652,iteration=0,gap=3.257671290458176,delta=620,timestamp=0.7956736
fitness=19344,iteration=1,gap=1.639344262295082,delta=312,timestamp=0.8744763
fitness=19032,iteration=4,gap=0.0,delta=0,timestamp=1.1284158
