optimum=69731
execution_time=300.22953259999997,start_time=1.8138647,stop_time=302.0433973
[(18, 15), (2, 3), (74, 73), (49, 16), (21, 22), (88, 37), (47, 48), (66, 32), (17, 14), (26, 27), (52, 53), (25, 23), (64, 65), (76, 75), (69, 70), (41, 40), (7, 4), (82, 84), (35, 36), (51, 50), (54, 55), (20, 24), (59, 58), (10, 11), (85, 43), (38, 39), (29, 28), (71, 72), (34, 33), (31, 30), (0, 1), (57, 56), (46, 45), (68, 67), (78, 79), (5, 6), (44, 12), (19, 89), (9, 8), (61, 60), (62, 63), (42, 86), (81, 80), (77, 87), (13, 83)]
fitness=104727,iteration=0,gap=50.18714775350992,delta=34996,timestamp=2.3784753
fitness=92901,iteration=1,gap=33.22768926302505,delta=23170,timestamp=2.9236755
fitness=91733,iteration=10,gap=31.55268101705124,delta=22002,timestamp=7.9737667
fitness=89037,iteration=15,gap=27.68639486024867,delta=19306,timestamp=10.6861783
fitness=84251,iteration=16,gap=20.822876482482684,delta=14520,timestamp=11.2279765
fitness=82919,iteration=208,gap=18.912678722519395,delta=13188,timestamp=115.8791809
