optimum=20892
execution_time=0.0013544999999999807,start_time=0.4554728,stop_time=0.4568273
[(31, 30), (17, 18), (14, 13), (26, 28), (35, 36), (15, 16), (25, 27), (2, 0), (33, 32), (10, 6), (20, 19), (8, 9), (1, 3), (11, 12), (34, 37), (5, 4), (7, 38), (21, 22), (24, 23), (29, 39)]
fitness=22066,iteration=0,gap=5.619375837641202,delta=1174,timestamp=0.4568074
