optimum=34198
execution_time=9.2762286,start_time=1.200513,stop_time=10.4767416
[(10, 5), (28, 29), (23, 24), (33, 32), (46, 45), (13, 12), (19, 20), (35, 34), (25, 22), (42, 43), (27, 16), (39, 37), (3, 2), (7, 8), (47, 21), (31, 30), (11, 9), (14, 15), (0, 1), (26, 48), (49, 44), (4, 6), (38, 36), (41, 40), (18, 17)]
fitness=35402,iteration=0,gap=3.5206737236095678,delta=1204,timestamp=1.4328148
fitness=34206,iteration=1,gap=0.023393180887771214,delta=8,timestamp=1.6725595
fitness=34198,iteration=39,gap=0.0,delta=0,timestamp=10.4766577
