optimum=34198
execution_time=230.0894663,start_time=2.2482154,stop_time=232.3376817
[(47, 21), (5, 9), (1, 0), (7, 8), (34, 35), (15, 14), (46, 45), (40, 41), (12, 13), (22, 25), (23, 24), (30, 31), (20, 18), (17, 16), (26, 48), (38, 36), (42, 43), (2, 3), (39, 37), (29, 28), (44, 49), (6, 4), (11, 10), (19, 27), (33, 32)]
fitness=36204,iteration=0,gap=5.865840107608633,delta=2006,timestamp=2.4721754
fitness=34770,iteration=2,gap=1.6726124334756418,delta=572,timestamp=2.9201343
fitness=34328,iteration=56,gap=0.3801391894262823,delta=130,timestamp=15.7573879
fitness=34206,iteration=691,gap=0.023393180887771214,delta=8,timestamp=160.9499768
fitness=34198,iteration=1070,gap=0.0,delta=0,timestamp=232.3375979
