optimum=34198
execution_time=300.0665735,start_time=0.9291817,stop_time=300.9957552
[(29, 28), (46, 42), (2, 4), (8, 9), (25, 22), (11, 5), (19, 18), (15, 14), (20, 16), (43, 45), (30, 31), (6, 13), (0, 3), (40, 38), (7, 10), (36, 34), (39, 41), (44, 12), (37, 35), (48, 23), (21, 47), (33, 32), (49, 27), (24, 26), (17, 1)]
fitness=54966,iteration=0,gap=60.72869758465408,delta=20768,timestamp=1.1180386
fitness=53578,iteration=5,gap=56.669980700625764,delta=19380,timestamp=2.0223067
fitness=48106,iteration=245,gap=40.66904497339026,delta=13908,timestamp=44.6563942
fitness=46912,iteration=829,gap=37.177612725890405,delta=12714,timestamp=122.3937504
fitness=46584,iteration=1746,gap=36.218492309491786,delta=12386,timestamp=225.6511496
