optimum=34198
execution_time=0.11096000000000006,start_time=0.5347818,stop_time=0.6457418
[(1, 0), (40, 41), (21, 47), (14, 15), (11, 5), (27, 19), (25, 22), (28, 29), (42, 45), (39, 37), (20, 18), (38, 36), (23, 24), (30, 31), (26, 48), (3, 2), (33, 32), (13, 12), (46, 43), (4, 6), (16, 17), (8, 7), (49, 44), (9, 10), (34, 35)]
fitness=34198,iteration=0,gap=0.0,delta=0,timestamp=0.6456919
