optimum=34198
execution_time=300.1278213,start_time=2.1278752,stop_time=302.2556965
[(2, 0), (44, 42), (48, 18), (37, 39), (35, 34), (11, 9), (14, 15), (13, 12), (45, 43), (30, 31), (28, 29), (20, 19), (5, 8), (41, 40), (46, 47), (10, 6), (22, 25), (33, 32), (16, 17), (1, 3), (38, 36), (24, 26), (4, 21), (49, 7), (23, 27)]
fitness=64344,iteration=0,gap=88.15135388034388,delta=30146,timestamp=2.3647155
fitness=58418,iteration=2,gap=70.82285513772734,delta=24220,timestamp=2.8389754
fitness=54950,iteration=30,gap=60.681911222878526,delta=20752,timestamp=10.0815546
fitness=54592,iteration=180,gap=59.63506637815077,delta=20394,timestamp=45.9831383
fitness=51686,iteration=259,gap=51.13749342066788,delta=17488,timestamp=63.424865
fitness=46712,iteration=453,gap=36.59278320369612,delta=12514,timestamp=107.1586429
