optimum=34198
execution_time=84.26096240000001,start_time=1.2312341,stop_time=85.4921965
[(13, 12), (47, 21), (6, 4), (45, 43), (35, 34), (41, 40), (1, 0), (5, 9), (30, 31), (8, 7), (11, 10), (17, 16), (15, 14), (46, 42), (36, 38), (2, 3), (44, 49), (23, 24), (19, 20), (33, 32), (22, 25), (27, 18), (28, 29), (37, 39), (26, 48)]
fitness=34254,iteration=0,gap=0.1637522662143985,delta=56,timestamp=1.4524796
fitness=34206,iteration=21,gap=0.023393180887771214,delta=8,timestamp=6.4659976
fitness=34198,iteration=362,gap=0.0,delta=0,timestamp=85.492086
