optimum=34198
execution_time=135.2530164,start_time=1.2540999,stop_time=136.5071163
[(5, 9), (18, 20), (40, 41), (47, 21), (3, 2), (39, 37), (32, 33), (29, 28), (35, 34), (17, 16), (0, 1), (46, 42), (38, 36), (25, 22), (11, 10), (8, 7), (15, 14), (31, 30), (12, 13), (6, 4), (45, 43), (23, 24), (49, 44), (27, 19), (48, 26)]
fitness=35788,iteration=0,gap=4.649394701444528,delta=1590,timestamp=1.4792899
fitness=35288,iteration=7,gap=3.1873208959588277,delta=1090,timestamp=3.1389816
fitness=34206,iteration=18,gap=0.023393180887771214,delta=8,timestamp=5.836237
fitness=34198,iteration=579,gap=0.0,delta=0,timestamp=136.507035
